500
0 7186 4486 1435 9702 226 2504 976 5809 9392 5097
1 883 812 6953 8428 3222 6774 2177 1296 3592 204 5111 5882 6959 719 3670 2190 1956 9199
2 1602 7682 6535 421 3591 7847 308 2276 3524 6401 5340 2962 6938
3 2560 490 6653 2607 3596 5159 2802 5317 8572 871 4485 4402 8081 5341
4 1319 8460 6426 9874 5195 9995 199 1962 224 8717 5038 4216 7043 9965 6459
5 3838 7006 2345 2248 5532 2547 4720 4722 2447 4334 8708 7787 4855 5715 79
6 8637 9364 8740 9351 6527 1834 4388 4812 6529 374 3383 9487 6020 6101
7 7769 1982 8762 2435 231 1024 5859 8351 8370 4176 8005
8 488 9804 9997 1717 8175 4911 9695 9241 9863 4277 9238 2768 321 6613
9 8758 2129 3643 4558 7537 7400 3194 6917 8999 3153 1734 336 475 3099 4170 105 4765 7438
10 9820 3787 1445 259 2956 5023 4490 8738 834 1450 1272 8527 9921 7289 1105 8227 3894 2
11 8033 5611 7642 6529 9737 2822 2385 60 3982
12 4622 9550 1849 5312 4347 7869 7907 7481 2278 7294 8178 6281 7970 139 2013 2288 2962
13 4779 8453 2723 6587 3235 6299 7121 4326 4560 1535 5195 1506 8445 8105 4035 2555
14 5968 6281 3549 9400 2585 9101 3772 4004 3902 587 3876 2657 7762
15 4380 4761 7066 3883 1773 3456 9006 6027 1882 1205 1774 3753 3982 6938 2240
16 5245 1611 6693 5179 5522 5917 4213 3692 266 9156 3260 723 5871 7413 2643 3894
17 7490 8276 3739 8861 3548 1576 4013 3018 895 5219 2555
18 362 7884 367 5010 2220 1572 1954 9344 8004 2461 9440 2087 9453
19 8514 3794 2476 8057 6525 1937 5400 7220 5024 4328 8752 7320 2555 5445 6101
20 8461 7912 8120 3042 8610 9667 8888 7384 4685 6189 4122 3053 4580 2264 7438
21 1770 2436 4042 6765 8051 2431 4495 260 3626 4641 8511 5307 5880
22 6597 2118 8866 7393 7253 1276 7660 7192 893 9216 6918 6650 1353 9533
23 4649 6517 2147 3973 8526 7391 2946 1670 4381 2453 5360 6640 3944 8209 745 3936
24 6263 5427 9121 4206 3419 961 5456 8785 7120 4176 9244
25 2845 7322 4595 3389 2785 4013 7947 2544 3240 7762
26 4255 173 3714 6340 5025 8823 3929 167 3524 2546 6810 7713 8722
27 2161 5794 7525 8018 7697 696 6918 9529 7929 5398 5220 1139 6613 9244
28 1344 7604 6601 7119 8605 419 2105 1813 3152 9133 4294 5708 8043 4035
29 7540 9459 7884 6881 5797 2396 3230 5048 6673 9948 4934 4087 2404 79 4199 9968
30 9428 2082 9895 4158 8583 5858 5391 7352 7847 1142 4786 7987 4901 3073 4501 5962 2
31 8816 7851 5741 1953 5829 9556 3121 5275 1630 5422 863 3408 8716 7883
32 4991 244 7439 6196 1328 3661 6549 6119 5583 1557 7412 746 9388 4704 3997 1839 6891 8922 9404 5962
33 5744 4961 2727 97 6831 1081 9626 5308 8989 5138 3364 1125 7880
34 4859 3918 1035 3048 2103 6005 2653 6339 1376 230 656 3982
35 8674 4353 4296 5952 9593 9991 2404 7535 5521 1432 699 7162 569 6538
36 2694 8263 1380 5533 8436 6721 854 5442 8281 6248 6588 6020
37 2125 4395 1362 6857 376 8219 9367 585 5341 4304 2519 1353 1009 3837 4442 1429 5962
38 7791 5504 4018 9988 4837 8208 280 1536 7118 9861 7029 598 7038 9191 9848 7949
39 4291 6258 8566 22 8348 4534 7234 2879 3080 5110 4559 7573 8787 9132 4140 2038 4803 8844 2240
40 7195 1827 1457 5476 6370 2755 7003 5750 7247 2938 1149 7795 8994 3012
41 2191 6072 6121 2314 8785 3018 5701 6919 1625 9451 7153 79
42 4224 3311 8157 8595 8861 4306 7313 3707 7296 4661 52 9744 6424 4341 7949 3936
43 2339 3457 1123 4735 6950 8971 8223 7274 4363 4892 8858 8683 979
44 3306 1280 1394 7386 5964 8265 7986 2215 7939 5747 7014 7525 6044 79
45 5478 1960 6595 161 4561 2294 4159 7503 1978 3815 2196 6997 8722 1710 6270 8140 2
46 9367 6135 7910 2548 851 7977 5251 7749 3084 918 4435 5005 8344 3885 427
47 3150 9132 8878 9547 7595 3778 7593 9833 9147 239 79
48 891 4739 2512 5617 833 9587 1218 3504 2054 8200 6972 7048 9129 5219
49 3005 9929 720 4546 4419 2972 7160 7210 5312 6925 571 9063 1948 1678 6020 2240 1668 3894
50 1343 3587 1513 9419 6857 1455 9138 8246 5043 372 9731 5578 329 5283 8287 4199 259 6101 8812
51 1590 1049 5350 9302 3978 2033 2341 9204 9123 8728 660 6675
52 6693 3471 308 6950 9088 4604 6257 4424 621 2680 2887 5386 1343
53 8793 2676 9108 7865 7298 4426 5705 1938 221
54 5850 6497 6498 7353 6105 6157 276 6876 9700 544 9027 650 8116 7762
55 4684 6311 5592 915 2672 2217 1416 6420 386 2873 7949
56 9376 7909 1398 1554 3819 5531 2572 2058 7214 8521 9060 5131 6405 5661 8722 4314
57 8163 2771 4675 1627 82 6978 2281 4629 6911 9716 6888 5044 8004 8911 4901 79 569
58 5422 4327 1992 3299 6745 1746 6639 5327 5177 390 6805 7709 2704 2240 9301
59 3904 9558 4741 5406 7701 5522 9474 4538 7414 924 7598 2340 9733 5445 3012 5064
60 8937 4586 4345 1145 6917 1639 1183 982 8451 7069 8255 2562 9855 2533
61 655 6522 2214 8653 2992 2293 1958 5447 8595 3227 3747 4199
62 4319 6395 7306 5776 7659 9065 3373 7185 5508 2417 6834 5794 4965 3894
63 8793 210 9505 9080 8522 9650 2405 8153 5181 4527 5001 1098 8789 3820 2538 8644 79 9968 935
64 6550 3703 4710 7493 1335 8817 955 7628 1072 1431 9044 1250 220 2773 3958 5783 4035 6613 9533
65 1239 2258 2213 5557 9931 8854 3796 2669 9127 2424 6547 7057 2109 9199
66 3059 2263 8889 940 741 6606 852 4240 2055 5906 2158 2555
67 2434 6154 4450 3803 8976 6890 1142 1532 6312 8302 5748 6270 7762 2962
68 5007 2610 5595 1164 3643 5925 2741 1764 3309 9527 873 7125 1665 4463 979
69 5460 8170 7840 7482 3348 1892 7923 3038 3705 5175 9545
70 8538 23 4830 8467 7228 1302 2699 6415 9785 3424 6608 4909 1774
71 3977 4349 5899 7168 8480 1783 7234 1577 1093 7784 5228 2771 3106
72 7885 4429 8263 3320 2235 3252 6000 7123 8817 8052 4490 9959 3125 6903 9129 2555
73 3751 4653 8721 2263 7733 8665 6287 4620 3168 9803 5062 3005 6021 427
74 757 5326 7606 242 6027 9305 6686 7061 7676 1773 1020 2398 7517 3304 2155 4539
75 9340 9488 7268 7256 2977 3851 6012 9291 6369 935
76 2903 8513 9898 2693 286 1014 1198 7692 2576 3971 7948 6823 6797 5451 2768 7153
77 3745 8216 6058 499 1804 2028 5737 1010 7923 5667 9493 7044 9837 3758 1984 3316 321
78 4134 7122 9642 4083 2638 2368 1200 1549 5824 9637 6482 4855 8125
79 6542 4344 2509 2902 4496 1517 2199 9076 5886 7285
80 4474 4970 751 955 4241 1383 3989 9244 3370 3376 5348 5683 1982 214 8531 1420 575 6053 5869 4352
81 8311 9505 5797 8925 3864 1304 3169 9282 7491 7578 3776 8268 4626 7361 703 2240 8293 6613
82 864 7362 4223 1723 5915 8703 8390 1407 9770 2401 5752 367 8212
83 6010 4541 847 6041 3558 3467 2342 131 3418 4809 1537 6863 4060 6550 2643
84 3340 8290 3526 7463 5992 4143 6934 2294 4814 939 8368 5401 9368 3706 1299 321 5962
85 3464 9557 5754 2897 8714 4797 8511 6609 7195 4298 395 3584 2986
86 9350 3599 4824 7443 751 1996 552 5211 1476 562 1925 2227 1335 4582 9615 7883 7153
87 810 7968 2622 2744 8183 219 5704 5729 6265 98 5044 1702 9007 79 321
88 524 496 3340 8859 2240 8353 4505 202 915 7306 1683 2203 428 5556 4959 3144 3905 7087 108 6170 2904
89 9511 6935 1322 6828 1255 9676 9388 1528 2457 9133 1336 8928 6270 5762
90 9602 2644 3378 2580 3729 8554 8803 2015 9415 2734 2190 7659 2986 9075
91 8193 5836 949 6837 2275 9889 7723 1136 5073 2037 5707 7038 8710 5507
92 1179 6541 9815 9624 7584 6236 2640 452 9539 3710 6896 5529 9045 9758 2858 2 7296 2240
93 1161 8880 2515 6717 6341 2466 1170 8680 9413 9703 4059 190 5446 9007
94 3084 2779 5622 5722 2711 5502 5691 3908 7840 183 7949 9545 5412
95 8767 3616 4583 4364 8514 1882 4318 9508 8021 8810 183 4340
96 6640 3051 648 6116 5384 5546 658 2357 2993 2683 6991 2609 5797 1710 7883
97 6917 5795 2939 8101 8484 7775 9702 5998 1698 7607 8862 3394 2878 9003 6613
98 8305 4521 136 5075 3095 3017 6691 4463 9330 764 8245 8779 753 2240
99 9210 2764 461 1835 8445 115 6379 2564 3897 4632 4577 5194 7786 1287
100 6624 4780 6273 7118 9953 6691 8675 53 1021 8358 9215 2962
101 4728 8828 4347 7447 120 7384 270 5766 3447 8117 7730 8388 5517 4913
102 9248 738 6035 3372 8647 5447 2585 3855 2420 6686 3081 447
103 5393 9022 2872 3744 8796 6127 8064 2759 676 979 2555
104 2858 3376 7194 8510 4906 3502 8583 2583 2689 2465 4848 3241 8431 2278 4214 9273 6134 2155 9007
105 5280 3334 2641 760 4938 2531 5571 8921 5884 5216 9040 9887 1868 7429
106 5332 6573 7062 82 6208 5715 5499 594 5661 9641 4463 7204 8125 2555
107 7486 4450 6033 4968 9189 8678 5409 2635 134 5557 554 3188 2676 9688 6698 3982
108 3841 8911 8738 5407 4229 1327 4542 30 3353 7252 7721 8753 2844 999 8145 6487
109 5338 6038 4749 6636 4992 7204 3902 8674 2976 3637 1888 4015 9233 2175 2480 2892 9007 5715 935
110 7747 4808 8514 8337 3884 9450 2967 7506 6963 1319 5738 1479 8743 4912 1763 1774
111 5533 2644 3583 169 191 3294 8097 7841 5561 4778 1871 7709 259 1979
112 6253 1494 6869 4097 1695 8577 8002 6549 9313 7963 132 4352 79
113 3722 4530 754 3625 8080 4880 8508 9529 8408 9722 1611 1668 5339 2192 7880 5677 2121
114 8234 9059 6324 5621 728 5680 9895 7556 8173 7833 5494 3297 6102 3936 2
115 1711 7261 9932 4054 6337 1102 2931 6045 2391 3625 1588 3537 1638 6909 412 1429 3936
116 2068 8637 7758 7561 5731 4357 9820 3244 9061 5867 4823 9580 7367 1134
117 8481 1027 8645 2701 1064 39 760 1336 291 6818 583 5783 9654 847 6554 9374 6030
118 7317 3908 3392 8536 4105 1742 593 5040 3188 5583 6404 2
119 7321 1649 7445 1721 9513 8913 1553 4708 8143 8272 2583 9301 5962 1534
120 4986 3755 2796 782 5283 7663 6646 9781 7028 8786 643 5898 3758
121 2017 4243 9172 4414 667 3741 3829 1551 2742 5622 7117 2871 3316 6986 2240
122 8264 2385 8011 4668 2071 7925 4477 2365 6650 9573 4035
123 5426 756 8469 304 6879 2326 8123 7804 268 4740 7806 6545
124 2417 8376 4331 5636 8615 8943 1271 6457 7185 7170 2598 1348 2875 3914 79 7652
125 7233 5548 6331 8861 212 4312 5552 7629 5940 9172 3333 523 1976 4258 9259 9224 6547
126 4888 449 3619 4623 7358 8861 7223 4166 7481 8069
127 6914 1070 4247 157 8147 4007 7877 2532 5161 9388 2877 9181 9573 6153 1668 7153
128 8827 8131 4937 8119 1805 8797 6043 2747 7738 333 6971 6523 3376 6625 3543 847 5869 7883 9533
129 491 441 3514 7140 7685 4293 5155 6013 6698 6938 6521 6020 7254 300 2 8994
130 9887 518 7547 4769 6514 5416 7910 7322 5601 6556 8659 9301
131 3510 1567 5804 6601 5155 3336 2948 7480 5831 1581 7 5126 4260 6037 9485 3184 1299 7949 9007
132 2696 9167 1509 7567 5634 3940 620 9011 9350 8571 4399 9007
133 1521 1201 9923 8668 2748 6656 6412 9585 3333 9159 5301 3801 7438
134 3214 5093 5665 7839 2556 6112 3860 5578 9608 4851 477
135 9169 364 1359 389 9839 786 7880 5468 8476 5017 6114 1682 4884 2662
136 9856 5523 2126 6560 7873 4023 8681 5749 8989 9316 528 7684 475 1353 4985 6327 5340 5412
137 7870 7559 8807 4739 8213 7816 7196 663 4938 919 5801 9688 3830
138 8464 8167 2379 3649 3992 566 1509 3770 9171 8185 148 9533 321
139 1767 8699 4908 7811 8758 9781 9318 3293 674 6109 8028 2327 3103 3894
140 2751 2835 7066 5473 4076 8159 9736 4939 2028 7699
141 6452 4103 8748 887 6278 437 8744 7069 2896 1273 2963 5840
142 3057 7883 7601 6890 8052 2359 5092 5595 9593 7902 9292 541 8183 5412
143 673 2404 9576 4181 8995 9056 8596 6355 6606 8898 6886 3325 1761 3683 2904 3584 3074
144 794 2169 580 8074 5075 1316 4704 2170 4194 6302 574 3543
145 5078 6739 3383 8329 5941 5469 5781 8021 7327 6315 1383 8391 7210 8332 1299 9007 6635 8134
146 3665 3077 8172 1007 7799 8626 5711 5515 2613 3759 7522 2817 8814 6467 3012
147 5282 7117 6931 4924 6216 4531 3885 4065 7674 4883 1032 1135 9956 4843 1276 6744 1670 5715
148 3683 423 3502 1940 3142 2061 3536 9128 4178 9646
149 6420 2497 4416 6054 3262 9676 9235 4867 3540 5389 8274 4805 2155 2437
150 7510 3288 8738 1793 6963 7909 6708 9799 6370 9089 1871 4923 1668
151 7482 2353 4483 3561 8973 9263 7401 4645 2329 5041 7004 4463 1666 1079 5815 3885
152 3807 4209 9710 7065 9686 6003 6320 3625 8898 2061 2150 9139 7713 3936
153 8208 2816 4386 4759 5251 6590 2880 696 4264 1515 9615 4558 6547 1934 8491
154 1066 3797 1363 2882 6988 3101 1230 9963 6569 8940 8008 7914 6170 4199 7652
155 7144 8982 3338 1153 8486 5855 2302 3613 7940 5371 5873 7889 1950 2732 1299
156 2669 4032 4774 8389 1318 1361 8016 5339 7573 1871 8994
157 4066 4124 4754 1205 4111 4838 2574 7774 8780 7967 6390 9465 1534
158 1034 4891 6840 6862 7743 9413 2197 4031 503 182 4807 7751 1375 7153 3012
159 8722 3643 1573 9784 3469 1146 6464 7043 6030 8059 6743 2014 4457 6938
160 7903 5202 2258 1708 2566 6577 8904 5232 2127 1737 5676 5504 7314 2555
161 831 5240 102 2160 5553 7190 9738 8010 2169 1267 1785 7922 6385 1871 8406 2962 7652
162 3588 8195 2676 8420 3173 571 1309 8640 1007 4304 8914 600 9600
163 7327 2422 6060 8162 6171 4906 3689 1481 8916 5016 7148 8512 8134 4326
164 961 8833 2848 6763 8330 8097 766 2648 6234 6020 6101 2962
165 3581 233 6503 1357 3820 9333 6269 4941 1556 9674 1522 178 2781 4667 2426 6544 1246 6790 7474
166 1180 7489 8038 9304 9035 2967 8238 5805 148
167 740 2818 2401 8594 9546 7925 2215 382 913 6232 9842
168 8993 2470 2285 3462 9470 7624 644 7770 9081 3227 3747 3612 1625 9007 2
169 8943 9224 6676 765 8408 9292 8483 8982 3708 6684 139 8159 436 3281 5003 9075 847
170 676 3152 8986 1897 4076 8240 9459 1081 237 7980 8140 6258 1668
171 9457 6676 5825 4354 7028 8426 6757 6125 5360 8471 220 2875 6115 8209
172 5838 9364 4657 7581 8303 8810 5881 9715 3154 7022 2393 6084 5446 5762 8125
173 5957 3727 7789 2194 8363 9014 5683 140 7642 8948 1902 2628 6321 9842 7949 2264
174 8544 4322 8805 1622 1928 9499 5405 7188 273 4159 329 3207 5307 7652
175 8099 6507 6637 6362 2803 6290 8876 4591 3693 8070 8977 2879 2113 1877
176 9885 9643 4524 7954 4015 5166 6848 3645 2536 5290 3505 5643
177 6599 8683 3429 208 8407 3721 3320 3209 5230 1652 2061 3602 3941 8671 3012
178 4819 626 9102 932 9959 674 9764 1835 5408 4597 9926 9653 2573 8994 7736 6327
179 2934 5548 2074 1674 9696 3111 963 6258 77 3018 5923 4301 4647 3061 1354 2389 3776 2407 5715
180 8646 7552 1927 706 1146 3274 4241 9700 5525 8507 9600 4286 2555
181 8033 8587 5431 8498 4871 1282 8960 4437 6149 9318 2950 1811 3158 1668 2555
182 4714 5152 8303 5345 4995 8580 3118 7918 6089 9757 1665 6628 7415 6437 759 2615 5715
183 2804 1215 1555 4294 2992 9830 701 997 5983 8725 9641 5429 3338 3238 6938 2 3074
184 3119 6691 4734 2549 8766 6134 5779 7804 2501 5176 5582 7237 2109 7167 3894
185 1964 725 1077 5691 8463 9799 328 4073 8924 8800 4437 5156 5880
186 8163 2584 7114 6224 5601 201 1162 2977 5293 4081 9848 205
187 5430 4183 1114 2472 6545 2722 9955 4538 6846 9721 3043 8130 427 2643
188 7846 1032 1838 6166 2395 6794 1270 3074 9900 8169 1122 1956 3163 2465 7968
189 9370 5093 1906 175 827 5310 6279 760 5534 3103 7652
190 8098 2706 9360 1893 951 7655 3094 6871 8429 9147 7606 5826 1979 5340 5715
191 3656 5652 4187 2798 490 1613 8906 6264 6096 9651 9311
192 2515 6974 9015 3267 9471 6607 7026 8345 3180 4579 1657 7413 5437 7120 7153
193 5244 6167 3117 2498 9503 3368 2076 9168 9418 5651 5762 2288
194 3077 3454 2006 8866 6320 5805 165 4512 8231 4230 8275 8150 8298 7426 3673 6537 3877
195 5714 6144 1170 3562 8410 5298 7236 9026 6133 4367 4525 3981 5929 3074 2962
196 5972 956 9512 3987 3537 7601 645 8747 3988 7434 9295 5000 2892 3119 538 3371 9224 321
197 2687 9935 2745 3857 4909 7453 6730 3002 5565 3595 6331 9805 1348 76
198 2124 1989 1718 1078 7213 5914 3774 6572 340 5948
199 7818 1006 2494 7058 7208 2815 5056 8269 2699 745 9842
200 747 4978 1289 341 7290 5346 1719 3529 5862 5388 6609 7801 2164 3870 427 1125 79 9007
201 7475 3816 831 3895 178 243 4819 7281 7977 4556 3926 6178 7699 569
202 4284 8113 2099 1715 6423 7888 5883 659 799 1708 4409 6608
203 4841 5607 4878 2703 2777 3786 9156 4688 766 8967 8243 6387 6327
204 6227 608 1189 7318 2017 7943 8088 4896 3114 1777 7088 4985 3074
205 7567 7837 9069 9694 7860 8744 7003 7058 6879 6611 7153
206 1600 2631 5046 812 5581 3943 5177 2749 1391 4607 6514 9865 761 4787 5869 7762
207 535 3054 8949 8033 709 5679 8588 3297 2547 3977 503 3677 3275 6739 5006 3144 2555
208 7823 9 7837 3291 337 4258 5842 8605 4159 1766 9013 5962
209 8008 5462 7248 9747 287 888 7076 4887 5451 7754 1695 2029 5445 9199 8994
210 2111 6954 2318 3937 8699 2464 3067 5271 3966 6985 8206 2536 4583 7001 6054 1668
211 8198 8620 263 6338 2548 6249 1927 7638 3013 4457 4909 8644 3758
212 3202 8814 611 8156 4633 5168 989 3132 8763 1977 5562 4055 9032 7762
213 2491 5825 4897 148 9019 1276 9939 9029 4651 276 4242 8199 6337 2717 7732 4020
214 5351 3312 8954 1867 4869 5554 4806 3580 9256 1686 4123 517 4347 2349 7762 7699
215 1000 5886 3742 3381 2710 2301 7360 2419 4242 1456 6082 9139 3877 5869
216 6953 2291 6478 6457 3879 311 2572 1298 9675 3270 4203 1625
217 1111 5395 433 5353 2231 9388 5415 9048 9997 8434 8293
218 9194 8542 5950 9034 5055 7164 8059 493 421 3363 4561 2790 79
219 3535 5715 1686 7355 6877 5300 6417 9715 7938 9111 5246 7060 154 9444 340 6141 8711 427
220 2062 6712 7586 1017 3946 2550 9627 7945 2380 1758 8647 5302 3434 3077
221 2638 8739 3404 3363 3126 9281 5195 2109 8915 2197 9593 3261 1343 3012
222 6342 3999 3735 2203 7875 2952 3724 4555 9219 6776 3653 1079 7949
223 9388 1391 3548 7411 479 8391 385 2885 9387 2160 1161 1229 3377 4855
224 1963 2973 7611 1790 1893 1316 2778 2603 7245 3768 7110 718 3584 3077 2904 8116 8994 3894
225 2830 7909 2843 1349 5563 3923 6705 8056 8740 4079 3344 7055 8387
226 7152 4671 738 463 8543 2925 4097 6231 214 7137 1854 4341 1383 7296 1353 7438
227 2590 1479 5182 3450 5027 7941 3227 5135 8131 6631 9726 2454 1793 5247 1979
228 5630 8358 7398 498 8718 728 8336 858 2289 8334 4913 6161 7429 6613
229 7044 8994 4827 6379 699 6808 1909 7227 4133 7040 6057 500 9487 3885 5507
230 7953 9056 5103 9276 8613 1356 4953 4576 5187 5867 7741 9230 200 5437 7153
231 6565 2346 360 7383 6259 1352 4832 2930 219 6351 2296 8701 6762 7984 5639 477 9842
232 4835 9878 1937 8514 6585 8715 9197 4266 7453 1253 4042 8894 6784 7023 6889 4855
233 4225 4147 2495 3789 9248 5958 1178 1038 9255 9637 6502 2343 4319 1323 9407 6170 5862 4311 9930 935
234 6635 3153 7849 2326 2746 8204 1785 6375 5193 316 5235 4073 4402 9087 5895 8183 7782 2533 5880 9013 1668 935 979
235 4659 9331 3871 3387 1387 2780 1410 1165 6875 7577 8405 220 6134
236 9477 3843 8367 9378 6740 1952 6737 8689 33 2590 8247 1150 6613 9968
237 5388 3828 9192 2882 8115 2450 7328 2886 4238 5702 8267 838
238 2432 2681 8836 1048 587 8869 1194 4775 3644 3003 820 4035
239 2514 9888 5153 9326 5148 5818 2279 3189 8990 1495 4362 5715 6938
240 7676 3308 9093 2206 9941 8457 1634 3747 1080 3499 2611 6547 7575 8125
241 2596 4158 4808 8900 7902 930 7353 2737 210 3735 8818 1409 8392 2943
242 7917 7121 894 1881 1345 2785 2584 8897 868 3865 5029 8994
243 8010 213 142 3508 2313 7149 1614 7406 4466 5536 9688 8462 2240 5412 4035
244 4513 1943 9159 1882 9899 60 9851 9381 1485 9054 5307 79 1774
245 8808 6509 7516 3450 282 6825 7078 8682 6546 2415 7542 247 1383
246 5717 7558 3306 2795 4189 3126 6188 6064 1303 7664 3877
247 5920 2962 5069 7364 3636 2602 3362 8785 3336 6951 265 8313 952 9933 9533
248 2483 6318 6786 9752 4971 969 288 844 1732 640 7975 4020
249 2274 5549 3135 8858 3837 5568 9966 3461 5509 1558 9102 2938 3728
250 6594 5486 2997 3358 5347 182 9453 1348 2191 1882 9526 7732 454 9014 5762 3936
251 2067 9980 8340 357 5963 8571 8188 7042 4284 6562 5019 7240 3140 2666 3111 4326
252 7870 2157 8627 3739 4531 6908 2126 3715 638 5119 8443
253 7495 5663 5112 2494 325 7021 6105 5675 8774 7043 8922 850 427
254 9618 8615 4140 587 572 5083 2169 4597 1309
255 1063 4591 3086 5287 1558 2431 3297 3563 566 705 3374 8905 5660 2175 1984
256 8298 2586 2773 8593 1763 1440 2012 6777 4051 9537 1078 5825 1541 3376 8387
257 915 6454 9831 4550 4080 5389 9125 8841 9258 368 2381 2920 3630 7219 2962
258 2981 5835 1850 8125 9133 4635 8750 448 4551 2372 3802 2707 1299
259 3182 6748 3037 3454 6364 8965 1991 540 5738 7043 9611 2668 2121
260 482 1437 1636 9146 4743 5312 8057 439 49 7185 5326 76 3894
261 9321 6793 7187 7216 1865 7761 3653 6181 1020 1883 7 8352 345 3032 8994
262 8743 5189 4135 8447 8228 4849 4008 9451 1372 331 9485 447 6547
263 1972 6341 2640 7615 1260 5379 4180 8619 3605 1045 4041 9398 6667 9667 9843 3700 6534
264 1438 732 1176 8075 6946 6836 7469 6928 9423 8522 539 5552 1052 2639 8150 7585 9265
265 4496 9811 9634 2709 3217 716 1547 4693 3757 6502 9031 6282 3232 5748
266 7105 3762 9531 3030 3606 1676 473 8068 6035 639 5950 3419 1246 2704 3894 4824 2555
267 7435 1109 9245 5023 9707 1223 6116 2735 3383 4560 7504 268 4288 476 2240 7153
268 3602 9366 6353 6034 7114 882 6066 2776 2503 9327 3642 652 3006 1763
269 1004 2823 7448 8073 8743 559 4540 7986 5919 8306 4182 1287 569
270 582 4133 5143 9649 8213 2225 2191 9140 8272 3350 7082 1752
271 1581 5428 5960 34 6586 2499 4057 828 3081 1771 318 2935 5401 6938 3146 2650 2555
272 7641 3484 750 4251 5146 920 4987 949 735 7072 200 2892 2128 9007
273 8085 9502 2630 8054 7208 6468 336 9508 5929 3079 5038 7265 202 8332 9467 3936 1496 1668
274 9466 1097 7058 7999 2959 6826 3130 1423 2412 7 6369 6029 3982 935
275 7901 9818 9386 6832 715 1637 7916 4253 1807 4929 4302 867 5437 3376 7652
276 2441 7229 3056 631 7927 805 4638 5073 8574 935 7153
277 7480 8923 8965 155 8225 5477 8579 2202 624 4851 3805 8187 3050 3821 5248 7699 5677 6101
278 3144 307 5483 1950 6647 9770 5744 7171 6931 9355 6325 6401 7947 7792 5479 3905 5248 9930
279 2327 838 3481 5611 1201 1309 1942 3539 605 6027 6794 3356 5335 1542 1611 7413
280 7063 3758 5127 2506 5331 9392 3789 5493 1878 8975 273 7213 5403 4431 6216 8209 8994
281 4965 9199 5726 8768 2951 9899 1621 5251 3409 7853 5810 6952 8040 1722 4066 3726 4797 7055 8134 7285
282 4242 8361 3947 3586 9283 657 4116 2169 5143 9626 5402 6465 2909 4786 2340
283 8714 4094 1777 1640 5086 1320 4712 7770 2228 1075 7226 4636 8396 3111 5880
284 2364 372 4380 649 1158 2938 360 1908 7042 2741 9409 9265 7652 2240
285 1716 8484 9671 4366 4641 2120 5848 4565 6223 2232 3637 8175 9295 3028 949 8212 9579
286 3926 1233 9725 8352 2386 4046 3973 4253 5644 5587 4486 6447 2288 6938
287 9484 7527 3846 2148 5829 1279 5450 146 4107 6428
288 6269 1291 9734 4944 6882 5178 5547 8794 5359 320 1297 724 7797 7290 5567 4027 6982
289 5179 759 6733 4671 3802 9172 3934 2722 6148 754 1208 3263 8716 238 2643
290 6172 4987 4908 953 653 7680 9315 310 8444 2424 3077
291 5765 863 4721 7784 9532 4671 1443 429 3648 625
292 4461 7817 3600 8389 3195 3038 2186 1113 3745 7811 463 8233 321 8130 3074 2240
293 592 970 354 9774 9732 9691 2998 8682 5666 7796 4444 3885 7742
294 4326 6579 5085 761 2354 6103 2702 6681 9409 4483 6845 2272 3885 200 6054 2986
295 3693 827 3382 634 9041 9238 3243 5465 2910 8476 361 8105 1799 7474 210 2
296 7425 4568 4099 9204 1598 2919 2225 2365 6690 71 2475 259 8130
297 1302 6541 147 1626 5144 5342 5146 1310 6716 3016 2895 3240 5869 7240 4855 8125
298 7718 9743 9835 8051 4970 4710 9798 6507 3649 6478 8221 8722 4304 6381 8069
299 293 946 8041 3682 9554 7261 8520 2688 4387 9733 8350 6938
300 2296 5393 7193 8174 6522 5580 8288 243 1633 8186 2129 3812 4253 1770 780 8343 5458 321
301 4370 1163 6385 9146 8125 7258 1357 3565 8851 1819 687 1256 8134
302 2545 3442 297 6022 4417 7967 6492 7635 1734 711 8442 5437 8140 3781 6296 1430 745
303 8984 5789 4985 3283 6345 4118 8864 500 3963 3864 9968 447
304 4915 8224 2430 8957 44 6516 8568 9858 5520 5084 3608 3232 6260 2533 9211 3012 3836
305 8872 9583 4984 9365 5533 2083 4444 9529 3561 1248 3284 9352 7713 8776 3379 2121
306 7545 6851 3614 2614 4158 6558 1571 4484 2492 1978 4037 5322
307 9568 7424 4296 4434 1386 3587 366 2458 1509 1607 2327
308 4508 9650 5382 4966 5757 7362 7556 5786 6335 6980 7997
309 3019 3971 5158 2701 7104 5131 4325 8704 3748 6134 4199
310 3318 625 4292 6211 1581 1757 7734 8241 3132 6311 2563 1414 2121
311 2824 6350 9001 4763 7215 2071 9706 2614 7648 1043 8491
312 362 8705 8234 64 6663 6180 3048 2138 6433 5070 1495 7234 6537
313 9867 0 3104 5589 7131 5331 2256 2457 6615 1938 1840 9920 4778 6134 1850 3885 9129 7949
314 5045 6437 600 3785 4293 5094 3009 2329 2939 9705 6799 977 8462 3586 8994
315 6005 3390 5606 3418 1171 2622 4981 9130 1657 2409 3371
316 4594 8295 9993 7289 9604 8067 1577 544 6018 8837 8118 347 1311 9047 9834 3106 7736 5412
317 3723 93 9184 1639 6024 4393 2680 1091 5864 1379 505 3724 8614 8284
318 8624 2400 8786 102 9948 7013 6948 5204 366 1920 468 4784 8125 7652 3012
319 3746 8672 2582 4840 7771 3995 5363 392 4651 3285 6189 5748
320 3983 1456 9808 7603 1164 788 7965 3987 7827 6840 5743 2685 5446 7713 3074 2986 9533
321 8588 6540 3153 4421 7426 734 7164 3229 6183 7843 8410 9609 4901 2240
322 1431 8625 5394 3064 574 4332 3015 1914 8966 1888 4175 5193 1721 2923 7454 7997 935
323 6439 7792 1639 8597 2234 9711 8216 6706 8987 5209 6547 4033 7219 5783
324 3537 8581 301 4761 7734 3422 5965 8424 6025 8480 9898 2100 3543
325 2479 2548 2236 5764 8674 7340 6709 6066 732
326 2308 812 5509 3933 381 5151 6260 6461 8819 502 6624 1912 2264 3728 4901
327 6492 8586 7543 3454 8276 2850 9954 4532 5424 5182 9348 5446 5122 7438
328 3171 8629 9064 6017 4183 7234 1841 3672 3714 6694 9242 9848 9842
329 7797 8904 8954 3980 5287 1348 5185 5537 1678 66 6878 1903 2699
330 4743 2550 4856 7937 2314 1692 7976 5109 3087 1058 5064 7652
331 9263 8195 7972 3267 3068 7251 1796 1689 1093 7113 9811 7429 9013 79
332 9933 6158 5909 7843 7492 4341 1399 2506 4185 8455 9178 6101 7296
333 8935 3594 7090 8779 8735 84 6008 3609 7459 2406 2485 7956 2752 4510 2143 8495 352
334 2469 4186 9475 2161 2436 1307 9126 7776 9294 2818 2595 3783
335 7409 8732 4270 6105 6507 6778 1071 7747 5477 425 2695 5789 7526 7351 9083 206 4378 7438
336 2658 7741 8469 838 2187 2757 8280 2201 9809 6201 1625 41 8920
337 3442 172 219 3095 6205 7726 5017 9250 6353 2796 6020
338 7965 4478 3664 5447 5389 7213 1202 7693 5873 65 1629 9362 6770 979 9968 2962
339 7859 6717 5153 735 1078 9255 91 1364 7461 86 614 6588 1358 2288 7949
340 2272 5534 9953 9241 3794 7307 1075 2721 3896 8637 5523 2739 2340
341 337 5032 2567 9073 7935 3153 2701 5125 702 1328 6482 9968 8994
342 4010 8851 5242 9085 8898 5582 2296 822 4972 9889 9571 5258 7037 1750 2288
343 6626 2008 9657 6480 6273 5808 3848 3611 7525 3870 7688 3303 3012 5607 3032 745
344 7885 4291 9312 6713 3573 3277 4901 9167 6641 8036 5639 672 476 9301 1668 3877
345 3286 5757 2744 9685 6387 2691 6858 9018 9036 4917 1956
346 741 6063 5158 8260 1000 7543 8264 6524 3193 4786 1105 3163
347 7522 9510 240 5152 8143 2290 6042 1115 7606 8188 6049 4830
348 9859 4142 7248 3610 3907 1752 8594 4562 4665 5049 3307 6467 6351 5543 4020
349 6413 4522 491 7969 7130 6476 4332 1224 6164 7679 2867 5846 5451 2288
350 1379 8461 632 5686 1574 5809 4448 4054 4121 141 3835 6334 8105 6613
351 8136 9776 1394 1740 3681 9414 513 8781 4464 141 4736 5693 1052 218 4795 2085
352 3501 1108 335 578 8882 9243 6861 9331 9968 6621 955 843 9533 9842
353 2987 6762 8882 8167 1694 828 6758 8319 2485 1128 3396 1982 27 9989 4664 321
354 2000 1620 8331 4181 5163 2494 8664 7537 9956 5186 8718 6428
355 153 3628 166 9061 1096 3132 4533 3284 9483 9968
356 4151 7986 917 9597 155 6637 537 5666 907 3784 6370 7279 4326
357 7086 1226 3586 6434 1408 2229 4553 1071 7274 2325 2825 6439 2670 2121
358 6964 3961 5036 96 3824 1044 5466 3542 3005 8768 1821 9598 4912 3163 3012
359 2125 8964 8308 7413 8850 416 3286 6695 877 9131 345 258 574
360 2089 2130 4585 6030 7021 6316 9485 6176 8307 1595 8840 5483 8994 321
361 9791 5503 9768 847 9108 1765 9140 4761 4924 6752 2872 731 1405 9834 8830
362 2070 9693 9266 1639 2844 618 3426 9999 3014 176 5097
363 4508 1540 5540 4071 5779 3657 8258 3525 8944 1981 1705 7162 9228 712 8227 9834 1042 9374
364 9317 8972 89 1236 6133 4998 524 3486 7772 8815 1091 6368 2634 3837 7602 6404 321
365 1902 4439 348 882 1294 142 4394 9437 8062
366 8609 1657 1070 7163 2152 7350 9640 7215 94 4412 7302 8664 8741 7009 3320 9545 5748
367 8781 5611 9405 5706 5275 2715 4445 3461 4857 1219 1534 4988 5064
368 3797 1663 83 6587 263 7926 3666 8004 4461 3825 6672 4527 2962 2288
369 644 3615 8464 2211 5363 5977 4693 2834 3892 2803 925 5029 2426 4314 2962
370 5419 29 510 2780 9274 6606 7414 8196 3543 2555
371 5204 3536 6823 9106 2823 1789 7962 2962 5836 1574 7314 1317 1299 6863 9023 6134
372 8739 2745 8109 70 7591 10 7318 2005 6175 2176 7304 4257 5379 3764 7114 2569
373 8443 3604 196 1710 1851 7974 8138 4237 7087 3037 7469 5966 9075 5880
374 694 1682 532 8718 8160 860 3256 4746 2913 36 4015 1091 2263 6613 7852
375 8032 7231 7308 3793 6872 7625 539 2499 8125
376 9087 5679 550 4401 7513 3851 5054 2485 9871 2851 9407 9389 8419 5229 6953 5437 6554 1383 1429 1668 8125
377 8501 650 8734 1586 8084 8302 7118 8196 8276 1762 9924 9313 427 3012
378 2044 3287 1451 1510 4265 1626 8617 6546 5434 6042 8618
379 814 5626 8410 2900 493 3655 3720 6718 6715 8630 3962 6218 3074
380 2730 1342 9440 3392 9372 3031 5285 4693 1565 233 2611 3543 5715
381 227 3404 4382 7174 919 3438 8457 1046 2460 3877 267 3836 321
382 9215 6925 1327 6905 3829 5100 7899 1212 5697 1888 3471 9430 6672 2413 3074
383 4128 4662 5672 4308 6132 3035 8384 7143 2476 9409 2233 2182 3113 1423 116 1571 7883 5458 5715 6613 79
384 4696 8014 7239 7218 9706 8384 8275 734 8297 3125 8416 2392 605 6437 3836 935 3936 5715
385 8106 6231 8899 1150 1134 1309 7377 9882 4201 575 9395 9348 5885 55 5795 7169 5418 7517 7699 2962
386 7389 5574 7232 8934 2263 2900 5468 3978 3867 3888 4462 6454 935 9139 7699 2986
387 5429 16 6389 8722 9933 4402 1650 2834 9068 1648 2864 3388 2673 2542 8074 4988 9533
388 457 20 765 4225 8432 3764 895 2868 5119 8213 3762 2979 9733 7240 2962 2240
389 7345 2803 240 8225 1583 2829 7155 1798 5285 4873 9510 9160 2288 5715
390 7111 6467 2945 4808 5141 8023 1130 9703 5905 62 7715 4131 4086 7426 2
391 5690 686 3476 5560 6720 3074 1423 6824 1195 8546 9137 4994 7251 538 798 707
392 7269 6506 4599 6616 3037 9728 828 6972 4421 7659 4527 6827
393 3785 5710 4994 6092 1006 1673 8960 996 302 7629 7874 3376 4377
394 8650 7763 5787 9821 6964 3965 8385 3315 8890 946 3752
395 1180 4387 9104 8357 4801 8002 7112 1861 3963 5400 7787 7699 979 1299
396 783 7248 6646 7122 2649 8224 8186 1620 2562 945 1106 9270 9565 9968
397 5816 4716 3563 2077 884 5032 265 7542 7779 5838 315 4997 8331 4170 2986
398 4572 2645 5256 9864 2837 2221 8241 1386 3210 6187 8487 6102 4985 9993 6538 4341 1668
399 117 8029 1436 4124 2206 2521 2628 4703 8739 9543 8585 8644 9244
400 6594 2037 814 6568 9414 9655 4307 5127 9057 5347 8359 1987 4619 5445 3877
401 8281 7543 5008 7426 4271 7025 1416 2736 491 6187 979
402 3193 720 4470 4422 9760 8673 9511 7800 6205 1307 4835 2155 5677 5412
403 7690 2212 5345 9450 4356 9959 4431 7470 1890 7965 3780 9259 1353 5871 2986
404 1176 458 6531 5686 8627 8562 1028 7371 5400 1243 8947 8994
405 8295 5011 1809 5515 9462 727 603 5986 2671 4396 1686 5329 5504 5386 6547 79
406 818 5861 7465 8471 3216 734 3600 16 5234 6348 8375 3147 4400 9265 8387 3012 321
407 3846 1824 3745 3242 5603 4904 4612 6229 5013 4995 6398 8671 3543 321 9968
408 1558 7288 4769 9960 7459 7249 3895 9067 6456 8887
409 613 1274 7155 2234 8404 3634 1467 3279 398 6295 4237 369 2962
410 2491 7484 7330 429 1735 5007 8467 9189 8133 7537 4901 5762 2
411 7218 4955 3469 6589 277 7947 131 2429 6654 450 8812
412 662 6952 5754 9666 448 9845 6144 8425 9094 638 7924 3401 2191 3149 5962 4199
413 6471 4557 3523 9329 1664 8010 5490 2329 4870 8462 6458 6827 321
414 624 2462 4137 8676 9170 1745 1331 9526 9448 7110 254 7968 2
415 312 4251 5466 133 1458 2915 7603 5373 9537 3775 7034 7219 9968 4326 935
416 1280 5705 7852 4475 4867 1586 3210 8460 1002 8958 1646 3656 3982 7652 9007
417 3416 8216 7117 4580 62 5628 9959 1623 6548 139 2685 3193 8090 5902 2240
418 1151 6103 936 3463 421 7235 9206 3655 265 1435 1176 2555
419 4088 3158 4825 8241 8632 1055 3615 7660 6720 6061 4985 6101 2555
420 442 2189 2138 3791 3867 7523 5414 6191 6523 989 7713 2643 1668 9968 2240
421 5155 4014 1632 1238 1242 6221 8742 6511 992 4829 3251 6102 8743 8400 4691 4528 8221 8125
422 8952 5660 1693 3351 9577 4849 8240 5829 5962 374 6327
423 3097 6665 9196 9397 8272 3873 9905 2140 3538 1822 3748 199 8269 5748 6613
424 6055 9196 2958 5121 2530 6899 6961 242 6488 482 3064
425 4252 84 9247 6196 4280 9028 1881 1901 3991 3096 1663 7329 870 2760 9351 6675
426 3415 6611 7736 5956 9823 7078 3715 675 3896 8741 88 4569 4982 319 9871 8989 6082
427 2013 5754 9207 3691 2500 2874 4995 2459 8628 6722 1881 2818 8644
428 9366 2788 7901 7980 639 4289 6353 5015 4263 9928 4108 6153 6584
429 9588 8399 1259 4029 6461 984 5991 844 2180 6511 6920 8387 8580 9138 6187 1784 3023 9533
430 3525 3172 6402 8953 9823 8000 9646 1302 7638 7020 1454 79 2643
431 9226 7528 7340 4456 4517 1788 4064 6529 7442 3463 647 7575
432 6793 4791 2059 8413 7603 7427 8523 436 7740 7709 2
433 5407 400 5208 3806 4032 7467 6242 9239 3853 6444 2499 720 3784 2155 1157 3982 5386 8212 2962
434 4195 9159 7197 4243 529 2078 9954 6349 2552 6863 8057 1060 3074 7438
435 7685 5462 8011 1602 5741 9648 191 5099 4791 847 4558 9050 3113 7044 3982
436 9798 5933 6345 9650 6119 8638 8459 1230 4292 6560 468
437 7807 1398 8278 2055 9558 9657 193 2727 5883 6447 8461 8193 5609 2962
438 7770 9161 5550 854 9816 3398 5240 6143 7681 5310 2927 5359 1952 1246 712 3894
439 247 7206 262 9622 7353 2673 8430 8253 8943 5622 2030 4281 7173 5880 2962
440 2925 6723 5730 8145 516 8803 5661 5614 2985 8983 2483 6895 8424 4624 8248 3584 2327
441 4089 2805 9137 6609 5503 9445 7544 144 7155 2111 6364 1800 6955
442 3959 1044 4086 7233 6547 9592 8081 4674 7167 417 5085 6095 2922 5400 7741 2614 88 9930 979 9244
443 4913 9079 3783 5350 7859 5022 4777 71 7377 6209 4851 802 8649 3841 2100 2699 9533 9244 321
444 5429 2296 4390 8520 1889 9262 8014 1285 5847 9796 5887 6470 7861 1139 4340 7575 3012 5715
445 6179 6195 1902 1195 5897 2798 9604 7525 2536 947 7999 5504 5895 8111 9215 259 7652 2288
446 9067 316 1441 8383 6826 3280 7536 4821 4034 6961 8015 3316 8910 6692
447 1567 296 9636 3378 3147 2770 1115 9716 4444 3202 1301 4558 4624 259 6258
448 4084 3886 1672 4559 4489 8942 7025 6379 9739 8535 1476 6537 321
449 6502 3813 6069 3622 9134 4942 6000 4936 7279 2595 8934 7880
450 6507 1181 809 5961 9060 2120 5209 6176 9818 7591 3126 5693 6693 9004 7545 569 6258 3584
451 9148 9229 8061 4891 4328 2872 3707 2403 992 2971 4191 3363 7153
452 4558 2707 250 9093 3015 7404 5880 6115 4907 4736 5146 3840 8845 366 6039 7029 847 1083 7296
453 3249 9079 7675 4310 3506 395 3014 4386 5856 2433 6115 42 9303 6355 3936 9968
454 6974 6704 3414 418 7879 7662 6167 2292 300 6938
455 3501 2107 736 5179 8084 868 107 4224 7698 6123 6925 6937 3776 2491 4855 2240 321
456 7489 5359 9711 142 5401 9800 4596 4899 6663 5853 6575 2786 9292 7147 9197
457 9986 7362 9445 8391 8720 267 2868 8960 4071 379 4749 2450 1763 3163
458 3324 7567 9930 9094 7221 2754 5230 788 1935 8749 516 9547 8814 6338
459 5662 7643 5043 6563 915 4172 2245 4996 8307 7223 7609 6616 9008 1984
460 7775 8600 7883 3195 3018 338 8728 7276 6841 9569 9370 8337 2249 4766 6958 981 9139 6613
461 273 2963 661 6357 4588 4148 4287 845 8358 9787 5992
462 4301 6309 7318 2859 8090 6491 5859 318 8328 1636 9412 259
463 3727 5880 2371 5492 9655 4485 151 9482 2539 2871 3691 4189 1908 4501 2418 1534 2643 6258
464 2500 8806 9690 4039 6241 9524 2985 4910 5960 1984 8470 5962
465 9429 2133 8236 6286 6445 6410 5866 8436 6835 8118 9593 9545 1984
466 9967 8516 5796 9797 6275 8980 8060 3744 9342 4822 2101 8116 1477 9573
467 3716 9988 1191 9458 8279 2655 874 2369 2351 4364 3697 1929 4314 2288 7153
468 5659 1618 7249 3829 9828 4279 7201 8773 7598 321
469 2119 9711 3541 5296 1040 3667 8831 5917 6260 2183 5392 9590 7946 550 6538 3427 9265 1774 9007
470 6332 9440 3121 6854 9683 5442 6763 8413 7363 1574 6056 4077 4107 8069 1668
471 7239 8707 8604 4688 1637 9420 2417 4752 1424 8458 5192 5206 9224 374 6613
472 3928 7430 652 8287 3739 6780 3310 530 29 286 444 332 1134 8387 8994
473 3211 9862 27 2736 3122 6067 9759 7073 5958 1452 8822 9839 6048 6545 1091 6967 7240
474 5584 9566 1401 5277 6144 6496 6961 2462 3172 3121 773 5734 6078 4178 2730 3230 3298 8644 6054 843 745
475 6076 2225 6213 72 2703 3041 2272 5624 6652 2085 84 4326 7413 9545 321
476 616 4214 1930 568 9308 6654 6912 4039 1695 2006 7737 6503 9003 7133 7709 7153
477 1757 1220 4837 9266 6231 2188 5365 6062 4123 5941 1834 3770 9483 3936 3830
478 5679 7713 5677 8992 9463 2196 2896 6329 1682 7893 5526 2623 2759 3521 2327 5307 8994
479 6880 205 7991 3812 1625 3048 6378 901 885 387 1226 7802 1533 3128 1603 3775 3964 9139
480 7362 5433 9521 9305 3660 9366 3412 810 354 5637 3762 6748 1366 8005 4901 3012 2288 427
481 2858 2082 6809 7307 3253 8806 1637 4757 3394 4511 611 6534 2240 935
482 2215 4646 9675 5266 1905 29 3544 8261 1414 5117 3079 8257 7759 4199
483 1047 6691 2953 4561 4569 8684 6959 9595 7895 8072 5012 3758
484 798 7503 5322 138 8092 9288 2983 5485 2286 7816 9522 4045 679 7338 2458 7105 1607
485 9274 8831 7075 7118 1628 8698 360 2508 3031 3404 29 1562 7110 4801 7699
486 1195 8903 8390 9482 8081 339 725 5140 7815 8152 3001 4624 9852 7880 3074
487 4136 2224 9395 7627 912 1719 7197 6783 833 5375 6743 752 3377 7413 7806 3521 5880
488 5997 3097 4755 136 137 6065 7218 956 9566 9664 1428 6232 4211 8491 4282 3362 7880 4091
489 1847 1942 7904 5555 7329 2228 7197 7500 3887 877 1448 6762 4093 876 7919
490 5525 6428 7617 1352 6429 9389 5610 5013 5930 6275 9705 2962
491 4963 6924 3351 5078 2463 5680 7121 9673 165 1351 5525 1569 1555 9990 5964 399 105 2643
492 2796 1945 2860 9654 5958 8211 2256 291 1604 5257 7569 4965 174 1879 8918 4326 8005
493 9233 5656 9931 3650 8517 6639 6422 3021 2690 8119 9638 3240 6628 588 8780 412 8043
494 2719 174 7688 6878 4703 7155 1577 8440 4987 1548 1105
495 8294 2996 9526 1733 3069 2998 3332 2186 3397 9816 1571
496 7134 2981 4523 7484 4763 5649 3672 1902 6992 4243 7755 5961 9931 5885 7762 321
497 4431 573 972 6626 5396 8523 1677 3714 6666 8942 7445 3784
498 2730 1606 3895 3392 6501 670 211 9934 7682 1851 2426 1325 7921 6062 2666 6101 2288
499 7116 6132 3900 322 1916 4347 9755 2300 9897 7975 2998 8029 6028 2175 935 9374 2340 7699
