100
0 74 8216 5457 8978 420 8412 8603 1507 6859 6932 2311 598 4582 2339 6312 3411 7464 1859 7907 7958 39 1567 3142 7309 5559 9035 3537 5015 3722 7911 3229 5276 4588 168 3903 2577 109 5133 9739 8678 4437 8974 5922 5008 9559 9214 9555 8998 9201 9775 264 9285 8697 4956 159 8243 8235 7556 8770 2050 8120 9828 3467 2586 6540 8171 1172 2530 9698 3269 5602 5360 5147 9672 1230 1055 2606 1797 2054 7183 1691 7651 1824 4381 3633 901 2128 4459 2257 1973 4317 6431 2162 9603
1 1775 7954 3223 936 4308 8229 9794 1457 9851 776 612 8 1265 8769 3217 8375 5512 97 5123 4492 4110 8067 6801 1899 8391 8188 573 7972 1150 814 57 5643 8898 4536 7048 7740 3536 9046 258 8303 4176 9884 4509 7721 4023 6162 4884 729 3336 2619 9868 9224 7532 5681 9384 2932 5540 4119 6357 3667 9925 7485 4413 1343 6814 422 8461 1203 7837 1683 7098 1028 6231 9233 5652 603 3370 8510 2513 2734 1176 272 5896 2895 5121 3387 5927 7444 8048 6541 9353 7536 1557 5695 4188 4521 6607 4664 3848 6530 4419 5311 9159 3976 1463 313 1725 647
2 8224 352 3091 9893 3699 3446 4231 9515 1268 3123 9913 6061 4018 1262 1482 1081 5310 3656 8305 1002 5423 9041 675 1539 164 6437 9479 2241 4252 4118 8351 3828 1464 9964 8721 1955 9000 3463 7143 6116 6256 4059 7552 3977 6872 1545 5301 3052 6463 9895 2738 4070 586 7254 8462 7016 6238 6917 633 42 3106 1895 8531 2083 7114 453 625 6452 8895 6868 4358 2285 2438 2864 2622 515 3173 7647 2167 5295 9318 4322 5387 2812 2368 5368 3391 218 3216 1589 6179 9277 1768 7738 2074 9425 3187 3745 8389 44 3648
3 9154 1560 6266 7594 9549 3679 2457 5200 8003 8878 971 9289 1327 5401 360 6325 1441 8719 4711 4254 7673 150 6138 3262 3607 5878 6449 3130 8051 8729 7759 1505 334 2628 1876 9429 9240 7279 8791 8988 6999 5464 5980 2376 4255 2955 5976 3559 4417 5637 7691 6992 4325 2899 5225 1764 5269 5904 2109 6227 7748 2256 9016 6906 7132 9789 7714 9287 3927 1149 2011 3062 7892 176 4700 8580 7886 9167 7808 6123 4983 8189 7395 1386 731 4728 8148 8037 4339 392 6515 1538 3638 1705 4596 4391 6697 3146 8185 3382 2336 8074
4 8614 5647 2746 7641 5662 4104 6782 2440 8017 1007 3575 1118 9573 916 6394 1217 4084 8783 1408 7334 6214 2722 5707 4615 4162 8522 183 5731 1898 9269 1759 7685 6468 2732 1986 6682 2989 1903 4375 7775 9116 6575 5388 6085 5879 2749 9971 6638 6421 2333 908 329 2025 6156 8040 986 7713 3022 8625 7974 1791 6633 6469 3272 4136 4634 9717 6679 9607 6761 3348 4921 1036 8673 1459 4953 6054 541 9710 3206 2567 9594 1013 6744 8957 5397 6847 9910 7939 867 9122 8619 2080 323 1624 4334 3533 3281 3608 4510 4580 8980 8497 9274 5386 6147
5 4934 1012 7425 1811 9076 2929 5530 1548 2984 162 9734 2131 3316 9814 6504 683 2451 3873 3359 7211 653 949 6279 1760 6767 9608 9307 9088 245 3197 9753 5552 311 7870 1792 1329 5587 3152 1311 4020 2453 6846 1018 5793 5136 4106 9571 6590 9387 5618 7385 5992 3349 1943 1823 1146 3614 5944 7997 2349 9411 4614 2582 6052 844 185 2988 2178 873 9926 2140 7123 3933 640 6822 4345 8951 3961 3116 7192 4760 9110 3304 9415 3465 6133 6038 6618 4784 9106 3566 525 5028 7386 288 8014 3008 5950 6686 3747 1554 9780
6 3009 6378 307 6971 7329 778 1351 8591 7295 2396 7755 5898 9195 2849 7172 73 6738 3325 2137 3338 2904 6973 6282 1346 7868 8432 9244 3030 7313 8511 6079 5954 4507 6267 1246 7070 2630 3341 1809 6531 8310 5718 6828 3814 7819 2554 8979 8361 289 4812 5112 8630 584 9924 1218 2741 9899 3549 3362 6064 4352 5130 5197 5211 6165 1024 8153 2848 1846 7168 5280 451 9428 5813 404 1800 5591 7037 743 3482 3795 818 7746 7274 2512 34 2463 7598 2405 1761 9309 4516 6240 9505 7186 4175 5434 8063
7 4696 4202 1399 9792 2602 6796 582 4826 2996 4626 2726 4281 9688 8011 7792 6643 6018 3453 7144 1990 7307 3358 5390 8180 5019 5299 5419 8948 6111 5171 4333 3111 26 1926 7798 7811 2104 4777 567 8506 2110 4943 7916 4359 2949 4361 5459 2645 5127 6236 8778 1785 476 8583 9259 8345 1880 1878 9552 8640 621 6719 2312 3865 1700 7925 2343 2060 8792 2800 2391 5626 7518 1569 1080 9558 6283 4556 7303 9435 9720 5473 1622 9418 6377 7146 1204 3623 2265 6083 4225 2696
8 7507 8087 9463 737 3495 3526 5300 9960 8600 2397 1157 6416 671 6602 9383 3899 1918 5151 9449 8169 5359 5341 1252 911 5452 3461 5624 7848 4005 2321 5687 407 1035 7469 8758 4280 3394 4851 6855 2126 6946 3529 3020 9657 8785 802 4857 5752 4497 736 8295 6011 9222 583 9666 5023 320 4587 4840 1931 7951 230 4257 3470 2234 9499 8409 6235 2584 4491 9622 9529 5617 4869 3099 6448 7588 8707 4988 1534 1802 6936 4098 6624 5945 5249 1525 6150 9192 3171 1471 1516 9649 2095 6500 6496 3458 8526 8946 8417 8871 1503 1461 6927 2082 1105
9 4014 123 4122 7483 8800 7843 5107 1850 5940 4917 3700 1854 5179 9087 2685 7372 819 2649 4356 8197 1126 4223 2199 125 4013 2776 9054 9424 1719 1825 6368 3097 669 7330 878 477 3682 5234 9513 5582 253 7576 416 8711 9595 1185 6002 8150 6095 6030 4366 6344 9440 4081 2392 6166 154 3541 4816 8752 2757 8376 200 2004 4311 7300 8283 500 6260 6077 3129 7779 1978 4394 9467 3945 7009 1498 8940 8245 3242 9113 3777 7411 3195 5581 2121 2503 9140 3090 3789 9174 3960 7664 6358 519 9705
10 8631 983 6939 7291 8108 2439 1957 6088 4662 5952 2203 5367 3690 4463 9749 865 1623 4572 3936 5519 7891 6113 2605 1015 6039 7928 5682 8077 8900 8289 1502 1135 3539 7286 2298 516 3817 43 4246 7827 4111 7177 2537 3298 1291 646 6209 5436 4264 9660 2856 629 7129 7681 7718 2963 5426 9297 7943 1663 3301 355 1379 5035 6890 2653 9404 7784 4299 9937 4787 460 7538 2272 9071 3859 4922 1561 1642 8635 9073 9656 1644 6980 4738 8172 4880 5965 8993 5528 4155 8779 588 4754 4508 2773 2059 7011 4701 5185 7068 8320 3788
11 8487 7503 5084 2470 8438 3988 5572 2147 5374 6040 9665 7790 2460 7842 7447 4814 2378 3372 5026 7005 9375 2683 9317 2755 5021 3105 835 5020 5248 6524 7828 2894 1272 9661 649 4721 2867 8263 7133 4263 1401 364 1209 4422 9033 1834 5455 9733 9060 3399 5168 7549 2763 1668 563 6015 5583 5161 2709 4879 281 7017 2677 9629 7169 6314 4832 4337 3730 9017 3424 8334 4332 6840 7572 7855 2119 2680 5579 7020 6435 373 898 6035 8200 5268 7361 9793 6567 9583 5189 5851 5666 576 8760 8913 5845 155 5804
12 8727 9030 4079 1675 9916 4628 4674 3456 1364 1406 6296 7649 6996 4954 6216 8496 6167 3246 9838 7720 143 3602 9410 9822 6091 5841 3245 4704 3478 5912 538 9313 3535 8291 1600 9978 5824 1702 3852 4670 6224 9721 5375 3705 9695 8493 4603 2610 3790 1452 7565 4273 1858 9182 4487 8890 7157 4618 2641 2037 2045 6321 6554 2682 3034 9162 3525 3234 7889 3577 9380 3068 4258 6458 87 8440 2361 4085 4027 7383 2561 6442 8714 54 759 7515 8453 2656 2458 9520 4847 4420 2286 4153 1020 1391 4077 2070 5985 1208 8145 7655
13 3443 1521 4815 1494 8542 3593 7173 459 7702 9976 14 7902 3511 3946 1906 4089 9138 2487 5703 7986 2821 7214 1193 2843 7185 7007 8961 3719 8571 708 6723 5103 8813 5240 8016 4453 860 8076 7980 8042 8353 8018 7712 9141 1198 3599 8870 3102 7462 6899 3979 5801 5957 8434 2033 1415 6786 7399 559 7437 6399 8387 6964 9215 5334 8574 6446 7728 8190 7480 8195 4224 9436 31 4604 56 5180 5989 5593 102 813 2723 1088 3207 3631 6281 3627 4656 4534 6715 7619 1748 3527 4242 6705 4340 6343 3920 7587 3808 6005 2015 4217 6851 8478 1362 9323 5402 5176 6319 8801
14 3000 3878 9059 9837 1993 9724 3003 3165 2329 1030 7013 4166 9965 6440 5040 9545 8331 5418 9242 551 8889 580 8713 5441 2673 2629 4240 572 7659 6952 8080 3257 5415 6922 981 4962 3083 887 3292 6249 6229 456 8759 2627 7614 9644 4472 6551 8357 8818 2541 9588 284 6585 6037 5184 2952 5596 634 2654 1547 1747 4564 4530 6703 3624 2342 9638 5520 1951 8193 6959 5753 4854 6709 6652 1068 7679 295 5254 4057 7228 1756 1134 6762 7263 7829 262 3891 7036 5790 2768 7260 8637 100 2035 1023 1613 4855 5381 2318 4774 2713
15 628 267 481 8123 4951 3085 9023 8352 7698 8393 996 2296 7317 794 3159 4673 3450 9977 7879 2096 5653 3798 8494 3995 5749 6550 6482 1976 7894 709 3365 4168 2370 6837 4870 6654 4558 9853 6026 225 7761 2698 5302 8146 4354 9788 1046 712 1959 8232 9820 5483 8078 5155 5926 1295 7420 2263 1527 1501 144 1519 8551 6433 3031 4174 2409 7231 1541 1690 6982 6080 6140 5880 1098 9444 8179 8665 5006 1392 544 5949 4827 6342 8976 2155 5384 5059 6711 4249 6543 8323 8073 7320 9682 6364 8653 9610 5558
16 6376 7259 2200 1881 6008 1111 3694 3012 6962 6135 8446 6576 4977 86 8205 2284 897 8001 2244 7470 9979 9103 668 4064 9382 9475 72 2202 6117 4083 9995 4143 2600 5955 2314 9170 5163 3074 170 6044 8564 7432 9973 5102 2365 8829 6333 6885 7353 7122 3548 5755 5079 2294 2454 1339 6481 6265 6477 568 2993 4690 3900 2462 1171 6327 1654 1493 6375 5619 3023 4566 1061 5799 757 3969 8302 1952 7607 9120 3151 1542 1163 7417 6694 6317 6802 9200 8472 8787 4423 907 8869 2158 7893 8691 7107 6432 602 8945 2028 6545 2420 9875 324 235 5396 8658 8825 9500 1387 4919 8912 4482 2016 2571 6958 7475 627
17 735 5634 3380 8402 7290 5780 7493 469 2210 3687 8873 9168 4698 9725 2290 6430 9634 7506 2549 1599 2144 2531 2483 6245 9547 3327 1138 9075 9039 5761 5610 3514 1631 879 1593 3760 1586 7448 4928 7429 9064 9438 2400 7142 5284 4502 9109 9878 6566 8365 7977 7709 7687 7990 8798 7887 9812 4293 9185 8161 9957 1710 2743 293 3665 9470 1173 3258 5260 248 5905 8447 5030 335 6640 6666 4929 9163 3872 3871 5205 3654 4853 3375 7250 1106 5513 5080 2323 8287 2081 4295 4159 760 4900 9856 5597 8155 6808
18 1974 4563 1143 8284 2779 2476 1239 4607 7620 4251 8931 863 7938 2807 4640 3735 5754 4344 6014 1349 3691 4128 4804 7856 6721 4743 2511 4348 9504 2659 3544 6084 1590 4147 5085 3002 6599 2499 8834 3693 5435 10 7419 2394 9328 4911 5317 5669 2523 9452 9461 3189 4144 4972 7297 8910 1713 5839 4592 1301 7953 2 566 8997 8476 8896 2421 1942 2604 7919 700 5890 4831 3004 7612 2930 9117 8774 5831 6831 9773 3755 9992 2579 338 2125 3448 7350 9403 1469 7401 2697 7140 2443 2278 3093
19 1011 7103 6389 65 409 2901 8008 445 9135 226 4852 8852 7467 474 7657 5212 9718 9294 5665 9381 7871 2067 6583 2146 730 4035 9179 3063 6816 9370 3672 928 3594 4365 5645 1694 1564 1664 3486 2047 5709 7585 7703 1582 5881 7216 7516 6208 6382 687 2072 7034 6690 7446 4468 9676 555 18 2785 4226 9021 8282 3434 833 6612 6065 8575 6765 5017 5529 5783 8919 533 5503 8960 2335 1514 4504 9097 88 6662 3161 158 9565 2027 7149 3849 6075 167 5675 2587 1941 7190 9455 3786 9299 6081 6475 8680 7983 1966 6034 2419 9175 9288
20 1963 1001 829 3919 1289 3092 252 9232 6460 163 350 838 6405 8509 1398 7767 238 8119 7660 9847 135 977 7926 4321 6745 137 6736 999 1438 574 433 9184 6750 4373 4069 8359 9581 2217 7985 4130 2690 1421 8962 8887 6328 8528 5244 8915 3668 3280 3866 7241 5872 2159 6369 8947 4269 5854 6752 7346 9548 962 7776 5758 7486 9216 9803 9322 9249 7797 190 396 7234 7164 5247 426 1100 4811 1094 4655 5181 2790 2669 2646 6905 7981 7630 2221 2291 1491 8806 4515 8332
21 8599 8271 3276 8448 212 4392 7094 5990 5447 2043 1249 7134 3323 3660 4940 4616 6538 9981 1123 1612 5943 2759 378 2495 7267 1794 8503 2756 2350 1348 5063 7410 7571 5361 6372 8698 6151 7595 3224 5657 4665 7022 9040 2970 6716 5332 7838 9829 8104 2804 3488 3590 7707 9086 1409 4015 6562 4584 8144 9279 9827 7040 9802 5406 9537 3894 7461 4550 1284 8833 7257 837 4734 9133 5351 4090 3793 784 7971 6664 3993 7170 5095 8268 7674 319 779 5554 3501 9572 3259 6953 8041 2701 4581
22 3775 5756 2161 2515 7599 3240 7832 70 617 1369 6542 8027 3041 8380 6592 7933 6704 992 1522 8431 905 4810 7403 6657 4730 8258 1605 9067 9112 9632 8473 5410 2399 8740 7197 1370 556 9848 205 5525 1051 6503 4046 9727 6288 1658 1579 8538 9153 5110 5849 4895 3255 8455 9304 5977 4164 8415 7578 2921 1887 980 4768 1016 2094 4944 5649 4896 2865 4238 688 6426 6574 726 5333 8270 6812 2699 2693 5491 7001 1231 8840 4606 845 424 4864 5325 5769 7533 3044 9077 6586 7015 5250 4780 2208 9640 6348 2410 6178
23 2108 7063 3484 699 4569 2538 9250 3581 233 9208 2820 3934 4347 5658 852 5971 1798 6639 2389 3532 2228 4594 2917 5702 5651 968 6418 1510 8477 1927 4765 740 695 1509 1635 7281 2253 5760 8684 9855 2262 8659 6907 7482 1380 8857 8269 2560 6397 315 2544 7700 3890 2475 1826 5973 9909 2014 9471 7931 4179 553 2479 3562 886 4945 5327 3935 9823 8103 4631 3975 9246 8992 4093 1611 8350 2316 6272 5735 7553 3856 1189 3395 8009 4834 3965 1820 6522 6264 7371 4369
24 6849 520 340 1915 3766 7438 589 944 9442 8815 6232 7918 4091 8030 9756 7637 6501 3128 8312 1455 3500 9164 6060 5119 9101 5444 5515 6588 2477 9363 5170 9423 9186 7302 8499 8577 9754 4393 4894 1801 4872 5288 5543 3651 8983 2992 7244 5255 6427 1614 1261 2123 4901 2347 2174 4271 3721 8723 5838 751 5833 4755 4424 526 4198 8795 9942 6650 4899 1397 1808 5725 3251 7459 7801 3153 496 6984 7182 2029 5903 2948 387 9408 6101 1404 488 127 1853 3996 998 728 3354 2982 6144 6777 5175 9220
25 826 7952 3235 2789 2337 6900 2213 9502 3517 1727 1048 2481 8089 9151 2951 6093 1166 9532 7322 3080 5915 9590 419 597 5714 8215 7666 9606 8521 4819 8694 6755 4648 4165 2415 6763 1810 4627 9352 3077 9453 2218 9226 6825 4010 4843 5115 2980 362 9690 2469 769 2965 3708 9498 5673 1472 485 9557 7512 7474 504 8090 9854 2751 7174 3309 8830 9536 506 7269 5636 3952 9885 2639 274 5555 1285 5857 1609 6461 3283 8611 4268 8381 2309 596 4619 9533 2197 7454 3949 9685
26 9180 3378 9752 333 662 3438 2926 3658 9755 8139 5711 8065 1132 8765 6598 4650 7058 8882 5606 6104 6493 2148 6591 3867 719 6298 4906 4793 5266 8920 8793 6670 9928 6489 3806 2478 8746 9844 5245 8405 310 1439 2079 6407 1381 1870 8726 7092 943 1722 3879 681 6242 3497 1922 529 2467 6277 7352 3444 623 2858 5289 8720 1665 1462 3520 5062 2959 5913 3406 8039 4747 3901 8404 2573 2066 6251 4560 5326 9664 9176 7592 8650 1318 406 4341 883 266 9686 5354 9326 885 7014 8618 8349 8560 1827 3214 3333 9859 5494 5453 3971 2841 851 823
27 2114 9119 7028 9693 8279 4495 9843 8936 5091 1577 6693 2242 6498 3827 997 8975 1352 1495 5961 2461 6284 7601 4279 9206 3347 9953 2842 1967 4447 1873 3297 4788 7789 178 9826 8425 8754 5235 3075 7765 5148 1465 6923 8207 9815 5039 4304 816 3706 3843 2603 972 9448 8861 122 4467 6189 5018 4610 5376 8337 1344 9367 2524 9 3853 2528 4436 6246 3072 718 133 6675 8676 7991 4301 6791 5413 465 5972 9876 6866 4532 9401 922 2078 6928 7877 2170 1833 4926 2566 8782 9605 1350 2293 7736 9450
28 6661 1638 358 2918 8006 9038 8670 7634 6241 7458 5763 4737 6274 7853 2633 7237 5385 3386 4452 6076 9028 4993 8046 6157 2911 2853 90 5476 1411 9291 2501 4577 219 9296 7381 8554 1378 8250 4975 8530 9111 4689 1977 6049 3733 1787 2691 8225 9943 4071 7111 5195 78 5722 3203 6404 3958 1316 5398 5869 8242 8572 7864 5874 904 1382 4411 958 4022 6486 6717 2473 3876 3058 1227 9248 7947 4105 126 1053 7069 4287 8956 6294 8010 1304 2564 9491 9369 7207 1099 858 275 7758 4184 7733 6934 5589 7752 448 658 4042 2971 4462 5676 3019 8044 8562 2736 955 8907 1770
29 4565 7105 5622 5782 825 1235 174 6031 3049 9863 4331 1432 9421 1177 910 1353 652 8272 3133 5134 1033 5297 7409 2839 9560 5210 3884 3026 7377 4016 7631 8612 7531 594 3381 798 2024 3507 1410 7062 9457 211 2172 7065 3678 6384 9486 3780 7629 2648 5741 5829 1583 2658 5194 5909 6000 110 1550 6648 8905 6170 1864 4887 2557 5778 8845 8436 7391 4741 4306 859 8903 3726 5305 5532 5766 2308 8130 8252 1946 9272 2001 6969 5480 9655 6773 7255 4681 3604 6391 7052 3832 5668 9485 4338 7628 2505 1296 6857 1911 2871 7623 7208 3534 9741 2563 5574 3247 5000 1851 8568 5509
30 9728 1429 2802 4654 1320 4001 2168 7995 4049 3579 7727 1310 8423 4938 2003 7233 7941 704 2596 6895 6020 2764 2192 6062 2459 380 9600 5077 5306 9396 2254 7921 5686 7519 9171 4137 7859 3554 5485 508 8655 6871 104 1142 436 4389 8408 8316 6402 6124 2994 840 2725 6632 1292 6439 5969 4586 7463 1712 2679 9832 9824 5296 593 3120 4476 1187 9996 587 6688 4518 9193 9766 9562 9952 2913 3997 7072 4511 147 8131 6043 7490 1367 7261 1983 2938 8064 5826 499 6919 4247 1079 2283 6290 5646 9105 1783 1912 9080
31 9772 6010 5356 836 7650 4875 5505 7633 6743 1738 84 1065 7100 9355 5553 1776 2431 5670 4893 6651 1929 5640 5086 4328 2485 9238 8786 1117 4404 4379 2406 5600 3215 4714 4930 9008 3264 7084 2797 691 2593 575 5710 3831 7944 5196 9125 9630 5451 2201 6320 7206 3384 8922 7268 3761 4990 2181 8616 3471 3401 5188 2407 4599 752 8662 4227 7424 839 710 2718 6875 8748 8406 2744 3025 1508 5796 1255 7965 6445 3029 6285 9048 9591 4125 4192 8203 6089 2556
32 5767 4324 5747 3924 1412 9980 8860 2944 405 5557 8866 7452 4298 9303 7773 9356 105 630 8257 2351 207 7008 7235 8156 741 4535 1341 1632 9095 1025 8111 1636 2491 1528 3543 9093 9104 7488 5329 9458 1805 3213 7763 2671 8033 9740 7495 6186 890 7368 9934 2160 927 4968 9958 4676 3442 3923 8911 6914 6495 9576 4667 4889 356 522 4355 6154 4074 3266 6339 9243 4357 5809 6146 6112 5870 857 6854 5492 316 3617 9045 2177 7561 3071 2631 9920 3869 1423 8358 2813 1097 1288 4131 7167
33 4761 6799 3421 9514 1213 2678 739 1043 1645 6605 5812 7360 8317 7081 5770 1468 2500 1307 9750 3477 2831 7863 4770 2516 3314 2434 9081 8175 4072 234 3640 8780 9987 228 2191 8382 7646 5391 4965 706 7045 4935 8379 6356 5964 4684 6667 6422 3504 2940 1141 1431 7035 3968 9338 1852 4038 6329 5953 5719 5069 2163 1114 8657 6497 2152 47 7116 7373 6836 8602 8921 8849 5202 9107 4316 7115 2355 1523 5206 9677 2956 5072 8809 6502 9169 2302 5914 3670 5338 5537 7548 2623 1504 4448 9209 5239
34 1075 6163 6180 4866 1581 1281 8098 8508 3070 1735 9696 8187 4551 1754 8632 8539 3547 8097 9091 650 5746 8730 5541 8823 6597 1219 2740 8324 2216 674 6628 8595 83 7883 1950 9096 3573 9378 9923 9357 9492 6016 4364 4678 4172 1282 2974 7494 3991 5203 8052 3662 1818 4984 4548 7530 2196 9580 9777 8955 4882 6943 993 3059 1670 7108 9083 9062 657 28 4011 7119 7324 9349 50 3201 1767 717 421 8347 1077 9189 6519 357 374 2255 8136 4839 8049 4562 9613 6909 220 3753 2727 4100
35 3715 7489 6398 648 552 7756 388 4048 8777 8894 6103 4663 5144 1417 7388 830 2012 4456 1130 4330 4446 8843 1601 5888 5328 3356 9845 7365 8112 4842 564 2836 2237 5837 6997 8069 2157 7285 3570 6647 9564 4813 2390 9961 6068 1949 6948 677 4683 181 7110 8937 9397 3278 5988 3731 9888 9708 9166 8609 9904 2310 8411 2886 1872 1731 1361 7903 768 6913 7086 4007 6910 5416 3905 5932 8452 547 5694 2877 2382 5765 8029 6674 3351 2433 4288 8384 7384 618 4460 6051 7222 8872 6255 1999 5009 5584 917 8598 8654 6484 5723 1205 1475 661 8416 3460 2205 1806 9947 1151 1321 6989
36 4881 5096 6532 1031 9761 4707 7579 793 1774 3763 5560 2878 3178 1437 8170 7822 1095 9620 7861 8209 7597 5644 8741 611 9333 306 4135 9597 8378 3139 3366 2455 9437 9768 2411 4278 792 8035 705 9286 6153 2638 639 4617 2912 8652 6115 775 1506 9703 3835 6219 8429 9084 7500 3851 5885 689 2810 3858 2770 1708 2005 3992 1206 6058 2710 663 1896 6527 2226 4385 2425 5633 6125 4632 4066 7897 2211 2492 1717 9306 7226 9407 4605 7277 9057 3018 3249 2338 1270 5576 4593 4848 8273 9570 41 3897 8627 7690
37 5183 696 3435 8965 6087 9857 6110 512 4232 64 1730 401 6671 2307 8346 8547 8841 626 9509 5836 1303 8395 9975 9936 8677 3076 208 821 1676 6470 2404 5946 6479 5654 5061 8053 7301 2978 1718 2888 4612 2518 8433 6289 7101 206 4274 654 3321 9082 5893 4236 4416 7566 3956 1224 5058 9439 1953 3910 4749 7283 2644 9908 2611 8766 3522 4180 9636 247 5468 6772 2175 8828 4513 6770 5527 203 3951 8004 8755 5178 964 4544 8191 7397 891 5794 6692 4980 6119
38 8266 4589 9948 5590 1116 2325 5941 9402 9177 2597 9852 9312 187 4115 4486 4708 6225 608 6850 3376 4349 4215 7434 3739 8088 2232 1059 1816 8253 6525 8534 8368 1286 318 7198 6466 9805 1576 5118 9311 571 4800 2818 1891 1701 2139 3552 7584 8456 9615 1886 5318 5501 4479 8319 4641 4583 1091 5242 5323 5363 8515 8369 231 6105 8068 8768 7336 785 1928 9051 7127 5101 6269 4400 5307 6813 5603 1067 6409 9124 4229 5868 1477 5220 5479 605 8807 6826 9218 8731
39 8370 5876 5844 9702 1087 6593 3811 2164 3413 5692 4773 7379 5732 6228 3291 3410 8563 2019 7741 4960 4691 7787 3880 7145 1139 8371 1994 7096 6361 1400 9241 2073 2846 5420 2049 3601 1965 742 6215 3734 5070 1124 6373 3820 7121 6078 250 6874 4065 2731 9736 7435 6710 98 3778 2519 6950 4483 4186 8877 1769 7622 1869 7636 8990 1960 165 4500 1174 7347 1956 748 3417 4292 3036 6955 7509 6845 96 9521 7774 874 4835 9474 9123 210 7804 5446 1000 3117 353 1414 5131 1656 864 3479 6451 2026 1363 59 2507 9704 8549 6006 6036 381 4112
40 560 1629 8367 1905 434 9525 6951 3148 7975 4731 3127 4092 6751 7644 1921 4567 8485 7739 787 33 3056 4876 2747 9810 7209 6886 9399 5562 4149 6299 9362 4549 4408 9497 2916 7158 6187 2437 9484 7345 5828 2686 8286 4688 8183 9148 8683 1972 6518 2266 3666 1962 9779 9556 5186 514 3911 4250 5625 3592 173 2616 3912 6047 1604 4319 9196 9392 3402 1682 1156 6778 4362 7427 4021 2250 2510 8656 2416 4686 9671 2532 5057 69 5106 6286 679 9949 116 4836 1685 1857 9108 9896 8383 5712 9361 3186 3066 2356 9065 2280 4672
41 5570 8486 9931 3744 2048 4657 7545 3228 3881 8745 5313 7312 6099 55 5611 2969 3179 195 5565 3749 2981 773 6457 7967 3838 8844 8972 1515 7240 4742 1526 3144 1454 7099 2950 2084 8567 9567 5217 4450 1247 2156 6731 9115 975 3157 2778 3250 4573 2184 6926 7004 9149 5538 5160 3567 5563 9797 2247 2947 2372 8773 9732 6086 8524 8338 3170 680 6217 1433 9368 7836 3783 2464 5496 5414 713 770 6434 7000 959 6423 4152 2300 1040 615 3451 6867 884 6653 9487 1992 4579 7781 4905 5042 5336 8537 9611 6830 2707 7550
42 1403 7229 1221 9713 4718 9227 7663 6824 5392 5425 4383 6884 5258 6584 9911 2941 482 2733 3134 5798 7704 8565 5087 5566 1566 2287 16 8038 1749 6975 375 1207 8606 4499 4209 3751 9659 6784 3184 8504 6713 7523 8075 1796 7476 5690 2607 3938 5696 6636 2093 4789 914 7554 9130 3218 8163 5825 4790 4490 549 3611 8668 6126 7750 7683 3586 3168 9506 7762 7555 6902 8168 8181 8151 820 5996 5291 9031 7027 5456 9877 7810 7431 5632 4907 8426 3813 4386 2009 581 7090 7422 1487 7298 383 4867 9619 5037 25 9118 1830 6685
43 7782 8888 8838 6728 1537 1434 6275 6069 8597 3974 3685 3688 614 5883 4719 9985 8056 7423 9641 4856 3754 6022 4031 2038 969 8902 1648 6118 2534 7076 789 4000 6724 9929 2474 326 4030 6379 4786 6659 8196 5124 7418 9245 595 8796 3626 8293 8847 6536 3081 5639 6915 2668 3126 8178 157 7280 8315 3481 9053 2783 880 5308 4505 6128 3964 6072 6392 4525 585 8699 5342 371 894 1375 6930 227 8115 3909 6769 5877 7826 6960 8607 2562 3016 1486 1745 4602 1014 805 139 7025 1416 2444 9055 3428 7551 5917 9210 711 8062 2274
44 2979 2767 7021 438 727 7050 3954 6371 5041 3300 3516 2240 82 5377 5141 876 5968 2657 9221 3578 9191 6888 9787 8776 2116 6803 3339 8457 108 5083 2432 1212 6843 7930 2225 9861 3110 8500 7813 9441 6487 4522 5846 1322 1757 6954 4054 767 2441 7124 6673 9831 932 3095 2306 1388 6818 8226 4439 6485 3810 9145 3489 8909 2036 5187 4409 7455 1405 5816 4398 4256 1597 9624 254 7950 2934 4799 994 8274 3914 3318 4675 3955 642 5399 4475 280 301 5481 974 9523 3 1517 2259 346
45 2730 7914 6571 2884 3714 3440 1535 3921 1847 2737 6258 5036 442 3315 4710 1640 5241 4096 3285 8736 6856 926 5539 8152 3895 5567 4736 1909 6858 1979 3875 5607 8527 6517 1158 7215 391 2983 7436 1553 5463 7288 4910 9730 578 7654 2881 4068 6815 8311 4382 1197 4260 5594 8617 7332 7079 8679 5429 7513 9006 85 5047 2288 9134 7900 8288 7609 3887 6655 3609 2179 979 6102 4178 976 591 2040 7962 4764 6537 2536 5507 5469 631 7732 9061 4987 7959 6785 4061 1709 9511 6346 1771 5997 2023 6995 6924
46 8897 3588 9202 4464 3415 940 1451 5933 5595 2092 4735 3392 8390 1220 3388 7289 4211 9890 2031 9991 9544 9765 9204 4142 5691 8775 5743 6273 4687 2299 3556 9155 6491 6313 345 3244 4733 6565 9516 4043 2068 7075 3677 5860 1890 5031 369 3712 4457 1027 1063 3519 9268 1584 2422 4421 3791 6635 4803 3192 3953 7071 2643 7535 6252 8924 9546 5272 8495 4428 3716 8573 131 6963 2826 4156 2784 7088 9945 7987 3194 7610 8441 9541 2769 7557 6712 6757 6701 2207 6797 5549 3429 9142 2880 3021
47 5143 6732 6234 3015 746 5546 4801 4821 359 1839 2427 1888 4402 5005 637 3741 9395 1413 2782 336 1448 1511 9617 1236 2176 6332 299 5910 7246 3837 4230 4841 1042 7359 9598 824 8555 1565 9078 3750 6412 3833 3619 4997 9068 3973 956 216 9190 5044 4695 6199 1497 8952 303 7771 6553 3037 1305 6218 4636 8388 518 8410 4003 9631 414 6456 7847 7920 2358 1456 5542 5263 5535 6308 6100 7041 1340 1602 1681 4785 431 5011 6627 5448 4923 3483 7823 1721 3140 7593 1356 4792 2279
48 1371 2436 3632 6994 3762 774 6514 1865 9225 7252 3531 3563 3939 309 2348 3364 4998 8520 2609 8968 4213 2617 7165 4916 1021 9342 2933 9314 4113 995 7247 4432 8987 6587 1449 9414 9782 4133 115 9420 931 1892 4210 1574 1639 8374 6347 8435 5930 6998 9751 9763 4823 7060 6908 6580 9056 9864 4933 1072 8261 8466 9637 291 4661 7224 2872 9146 1617 8450 9816 8963 8060 9263 5800 5335 3809 9762 2774 9114 1687 2828 9956 8682 223 3986 5093 3014 4469 4196 9745 7204 6691 5490 7089 7030 2676 6903 12 455 9527 9321 8582 3469
49 5729 1489 1795 7106 4668 8070 2772 6811 9270 7766 8220 5475 412 4314 8836 4529 3273 4368 221 1894 7580 2635 9974 6096 5404 2806 8157 3729 2448 2553 5081 810 1153 579 5157 9873 1733 8045 3841 3978 6708 1359 8276 6173 6169 2206 5974 9781 6441 6476 3436 3078 2055 5380 458 9018 6159 437 8615 5409 7109 68 2022 1453 8732 9586 4455 1191 7272 332 5275 8967 2655 8550 7159 7795 2264 3574 1057 7577 6351 7686 8244 9473 8639 5548 156 924 2719 8556 7405 9836 6512 3490 4259 3972 8501 7589 2331 5002 1269 2412 1743
50 5421 3263 8333 1849 5215 9626 8991 721 3821 2061 8584 1689 8015 5936 2297 6581 4908 3736 1186 3629 3061 7818 8488 410 5343 8660 2805 415 7760 1652 8218 297 7093 3998 7104 4009 6393 7744 5362 3427 9158 3302 454 7511 8192 2013 9930 7896 7213 6276 3598 7791 2132 6986 782 5364 4145 2574 5099 4216 4285 2661 3205 1366 8110 542 5355 8811 5174 5150 1004 4270 2402 2893 800 3293 7502 7671 6033 2793 9320 7814 3308 3896 5958 6937 6734 7138 52 5345 4189 4517 294 6263 4539 1365 9968 9364 8671 1821 2874 3655 4323
51 745 8281 5350 6555 440 1883 8066 3509 1145 4124 9258 4649 2133 1238 8712 2787 6876 4767 4766 6443 6471 3163 3150 3496 1641 408 347 239 6677 2452 8164 325 3317 6017 9089 8468 7591 4025 2681 7356 872 7426 7723 8763 6160 9922 4032 7266 8863 9319 5427 5586 3185 9187 3289 3540 322 3200 5733 452 1559 5843 9265 8413 4722 1551 1832 5330 7012 3112 9430 9771 7408 6063 3674 7265 8737 4488 3113 4028 7796 5055 2030 9327 5159 5430 240 2360 2961 8624 487 3595 8906 5772 1112 6509 382 5551 5116 6424
52 8802 249 3620 3239 3915 7539 5012 1698 7465 9137 7151 4849 2018 4203 2417 4037 4134 9769 4806 6323 4187 5383 5214 5791 8738 4012 7282 4363 160 6789 6195 6758 2937 1573 601 3779 1182 351 6863 8977 6793 3987 5089 4438 2295 7682 7717 4955 3492 4912 5967 8223 7147 5807 171 9343 5257 3182 1679 8837 2589 376 5832 9935 2430 8459 5137 148 622 1845 5522 517 3605 6261 5661 3898 7638 6098 1814 6007 1492 8517 8642 8385 4961 5987 8589 2870 7596 9507 3472 2090 4387 1817 9846 4390 118 1693 8529 6048 5713
53 287 4150 7477 2670 7701 3847 1109 3757 8491 2946 5117 5222 5193 9373 5902 2999 9650 5642 1813 9295 4553 4214 7112 5437 1256 6720 9385 9691 1274 2714 3498 5508 7645 1159 7794 4591 7562 8135 1342 7203 215 2742 5411 7225 1877 7998 1923 9540 77 8722 7287 3582 5075 9494 7343 7414 9998 9070 9354 2957 2815 2832 2823 2857 6302 2526 8702 1552 2545 5320 2620 3180 4107 7160 2106 6929 232 6668 470 2275 1010 2915 8437 4779 754 5167 6809 6578 1003 9275 3689 3253
54 4660 4204 6861 6832 4871 4620 8953 9643 750 8083 747 2219 2838 1697 772 4925 2317 6625 8608 1200 5440 7276 9325 5726 6742 8002 265 2363 9229 9663 811 1276 3930 7841 1323 7910 6987 4808 5340 5433 257 5742 3612 817 8973 9052 5065 4542 4948 4034 1989 9962 5942 3922 4888 2122 1558 1038 3649 540 2684 4519 7390 9406 1312 4970 7600 2258 8876 7872 2551 7544 2149 7033 2450 9623 3219 7710 3455 428 9742 8109 6978 7772 9121 2077 1863 3963 2665 1034 3109 9512 9850 1127 6334 8767 7693 8414 7927 3051 244 7669 5454
55 4623 762 7946 7085 2640 841 7719 4329 1868 9276 7505 7376 8751 5067 4039 479 106 7824 6614 3343 8687 2777 8761 2063 7908 8827 1788 4033 9090 2243 3742 468 71 8810 6901 6019 9334 6646 237 1473 5937 6681 4199 3344 855 2735 8925 8695 7830 797 6873 9538 7948 4253 9719 9451 6425 2927 3096 3913 6556 7154 1655 5699 3681 2496 8553 3121 5348 2330 7777 312 9298 1958 1390 1988 7573 3696 9211 9173 3107 8545 8985 9744 4201 8771 2724 8278 321 8581 2771 3369 271 1587 2185 5303 7113 6181 1419 4713 1696
56 4158 5840 7608 5728 6271 7176 6883 3545 1544 7153 9700 5489 606 4973 8883 3823 5230 1324 1781 5995 5534 5545 4611 9365 5819 4309 8596 724 6171 6880 2514 384 4171 5774 822 8204 8724 9917 5443 6050 3155 4644 1458 8422 6897 1947 3840 2377 6821 427 3647 1393 48 4860 7613 7466 1293 1436 4485 1937 2010 330 2542 9986 6200 2267 7956 4441 7695 6695 8222 8601 3408 8518 3086 3119 2715 9235 1216 1056 6623 8386 8265 509 8734 4739 8031 1333 4723 8364
57 4720 8199 1314 6152 2182 842 513 4286 2588 9283 5830 8593 8475 7256 6300 3695 2276 5344 1592 9604 7835 3017 7018 9212 8943 4883 6330 7305 4651 3883 2136 7248 9284 8859 7711 6596 5631 2424 7492 3210 2827 862 5366 241 5309 5862 4995 8502 9264 4353 5236 6965 7569 385 1444 8159 2145 6663 2612 2591 2071 4574 8626 9865 6972 9681 2986 6029 5199 9625 3698 4903 3804 1022 2423 5122 1325 690 3042 6893 5810 6024 7817 667 3673 7394 9348 9340 3046 2889 6569 8294 7402 8094 9389 7046 4685 1336 3166 2446 7331 2142 4395 8290 3723 3232 8717 2313 2502 2046 9647 8210 638 2401 457 8162
58 5251 3462 9419 5986 9496 3569 9778 3231 7188 4837 40 4041 8812 8674 395 3013 2426 636 4818 4300 4371 2220 8490 2862 7479 9393 1985 546 209 8132 1939 1082 5073 2803 8638 6003 827 6887 6032 1536 2303 6278 1822 9683 2943 5984 5216 8966 991 4561 607 6360 8933 7940 2089 1765 1347 6563 6557 9100 1121 6746 7024 854 3373 9999 1828 9563 925 3305 9003 3368 8256 954 4307 8057 921 314 9256 1199 935 9231 4310 7304 4029 6374 8262 3868 3499 9881 7294 8238 5400 5514 1935
59 8588 8875 9178 5873 7310 4891 8013 6250 6145 285 9464 9398 5781 1711 9627 7884 2482 4937 801 8396 1964 604 9989 6788 5349 9543 1335 3028 1476 5533 2814 9528 9489 1562 8629 8439 2548 8917 1078 511 7815 7642 2153 4824 4630 5738 2903 8879 6683 8648 1258 4809 3006 7857 2204 7747 3094 5273 8728 8470 2101 1188 3728 2097 8710 3405 3634 8126 7625 8592 6548 305 3089 5970 6889 2830 5219 4979 1338 2322 444 3916 5139 5092 9871 930 6127 3357 8789 3060 429 8079 490 1049 557
60 2817 4305 9804 6053 1233 9972 1083 3069 283 2233 7059 4897 9783 5983 6864 7845 1092 9010 3307 3769 9662 781 124 119 3639 2924 1483 2892 9821 3441 1360 7960 5298 9601 377 4645 9667 9813 3794 4060 5744 7754 1147 8981 6819 7406 6882 8339 2270 1165 7917 1608 9376 1540 9612 4528 7189 6401 1588 4291 5253 7846 7677 3709 9577 535 4978 3430 3045 9036 6735 8403 5511 590 7442 9197 8850 191 5046 4726 3584 8576 592 1394 659 3524 2647 4981 6381 1518
61 1875 6827 5499 1914 5678 4643 7499 9079 1980 6787 6340 5477 5966 6090 7706 2488 9912 9427 2634 5629 1222 3198 9806 4161 6747 389 99 8023 5627 7603 8251 6878 3211 7840 8341 9029 6810 3970 3143 749 3039 3284 3295 3994 188 9969 1591 5497 4868 8641 3131 1661 6082 4523 3299 4380 2166 906 2910 9905 6621 2367 2896 7692 5192 9582 1919 534 537 6979 331 5848 2664 6521 5609 5895 599 6221 6137 1981 8306 9366 7929 8121 5382 8934 282 3367 7993 2632 5577
62 1499 3270 1241 4918 2953 503 8932 3999 7936 2057 9260 1302 9147 703 6947 4108 4609 2151 7054 2704 3053 5982 2087 8000 2745 1266 6122 354 5132 2508 5365 3374 3397 1103 3718 3007 3596 9422 9729 3834 9796 4129 9160 498 7716 6911 1782 9331 4555 2866 1017 1572 5293 4913 5149 7428 5734 5891 8805 8803 1714 1330 4932 8277 9372 5053 7441 2198 6413 1678 1050 1280 1856 7618 5125 6970 7834 1210 5277 3642 3984 5190 7155 7367 2384 6852 5154 8007 4055 9669 8701 3322 6233 892 7150 9102 432
63 5517 9706 62 9946 9219 192 4425 9914 5894 5120 4772 5016 7923 6990 6021 9967 6684 1686 7540 8772 2332 6844 153 8725 8100 951 328 5705 91 246 7120 5337 7163 9834 1728 6609 2706 8839 1244 4758 8552 5403 3164 9841 5715 2480 565 2319 9152 2154 7583 3947 9037 5750 7032 5923 6912 5724 7715 8881 7181 370 7661 8474 8762 5671 9970 1086 1450 5145 6981 6472 6309 2754 1385 7901 5920 6013 1669 2113 8308 3452 418 5024 4625 7780 4862 2465 6718 673 9310 5369 2931 2231 7560 8941 1842 8708 4245 3854 5292 5393 3328 4388 5580 2852 3433 670 2186 8613 3363 1420 714 9305 2729
64 900 4693 7514 3385 4967 9887 7869 8482 9412 4454 5613 4099 7542 7604 3990 6074 302 5698 9602 9183 8561 942 8700 1334 8483 9027 343 6544 7935 2375 5223 3555 7453 939 5071 9901 3907 6891 9609 6730 707 4173 8233 3243 2418 2490 4228 9009 2373 3981 9743 6198 2590 8784 2065 224 2636 7852 6262 3703 8116 1480 2224 3426 3799 1275 6207 2117 600 7311 2273 5460 7118 1882 2964 5621 8340 7351 8535 7575 3967 3048 723 6896 9791 4148 8643 2246 7481 1804 184 4646 9648 3098 6253 8240 4939 6833 1616
65 6202 3158 2344 5314 4578 1425 9668 6490 236 5730 5685 2875 6478 5684 6349 8107 9746 9456 8231 2752 5721 101 2898 3917 9697 3515 6892 635 9879 970 2173 399 2891 6383 6001 4769 3962 2909 3132 3267 656 9776 7340 7249 8058 3702 8122 756 3124 8363 4290 2141 8021 1615 3172 2187 7074 4964 2520 2667 5850 5598 1354 1703 3663 6109 2575 5128 7653 4830 2809 3038 8543 2720 1740 1819 8336 8141 4169 8594 5105 7605 7734 6206 966 2935 3926 5177 6028 5821 9530 8916 1627 7019 2053 6244 9587 7201 6985
66 1074 8749 6764 5717 3724 4429 6455 8137 1780 296 38 8799 5757 5667 6220 4212 918 764 497 4163 7194 5981 5556 6739 7769 3087 2289 4659 8298 5156 6023 5198 9653 8158 3439 8604 5049 1332 2471 6009 527 1543 8590 7520 8285 4541 8445 5173 3202 8733 9518 7221 1855 8443 1755 1662 4846 6967 213 1201 6121 7722 1298 4697 2968 8160 7697 3558 4805 7038 6533 6355 9675 2855 7026 4601 6184 5727 4350 6613 3212 5571 1090 5859 3585 5321 3425 545 7881 6417 5612 9714 1549 2583 4051 7152 2408 4267 3885 1427 6615 9282 4653 8022 5285 3412
67 1626 3407 3812 483 4406 9344 3669 9371 9074 3114 8578 5811 692 3882 1596 5623 4024 6549 4294 4297 6190 6073 9358 6603 8690 990 3149 4639 9869 6203 5764 2795 4775 8661 685 4116 3966 912 7358 3104 46 5422 390 5805 2449 1426 9308 2794 4183 6539 3326 3065 7243 3423 8407 1672 5290 1904 472 5432 5213 2598 1481 6297 3513 919 4546 4123 9043 5578 1155 5271 9959 8028 4985 2642 3836 1657 4478 7689 9417 1052 8465 2245 882 7880 2466 7421 5462 9840 9072 1119 9903 5498 4376 8198 6352 7342 8899 9997 902
68 7885 693 5474 5458 8540 9757 4524 9584 1902 7238 9443 2115 7219 3800 9670 7339 9466 7443 6280 6568 1242 9645 15 1254 7023 2540 8685 9830 9918 4782 4405 4757 3874 8885 365 5346 3550 3564 9955 4652 7335 3528 8428 9524 9481 4036 6148 554 3767 4276 7616 7705 4699 933 6860 5853 292 4461 4554 1680 9748 5921 2134 7905 9205 722 9651 8664 1975 6056 5524 1443 6045 3331 6942 2209 2822 3937 1396 3622 988 1867 2180 9880 9063 3560 8129 6669 3190 8651 3230 3137 6604 134 4412 5614 4097 1786 2897 7496 9247 2995 1513 2599 6940
69 7066 4480 1763 6494 2906 4570 9699 7970 6473 7803 8942 4313 9680 4372 298 6185 1837 4151 7866 5078 4272 9939 3944 7873 4886 4053 7751 960 7053 89 7451 9058 5408 888 1418 7497 2429 9207 7472 5471 795 5748 7264 9963 3797 4296 4377 3437 790 4235 6492 8507 6842 6877 2750 7430 4931 4992 6114 1169 8480 3830 6130 6617 4512 6204 4540 1245 2189 3701 1259 8546 4194 3337 8971 4576 3980 9015 9019 5282 3303 9413 67 5100 5209 5140 7820 6388 5502 875 1779 6733 1108 5784 804
70 2364 2357 8681 6579 2435 4088 5066 8926 8093 716 7315 1183 3335 5270 8929 5153 1144 4221 8267 7440 2546 985 7210 5762 2086 7002 2559 2320 3193 3464 8620 672 6410 273 2987 6610 4927 1170 9181 5648 7932 4397 3692 6881 8026 2781 7582 2816 3565 2484 5573 5536 8570 3686 6933 7639 856 8430 1829 461 6324 5043 7537 7770 4208 8705 4220 1917 9022 8149 4320 3122 8585 8091 9994 6259 4920 2688 2624 1699 5697 7624 777 7749 6865 799 8892 3792 6188 7262 6526 6869 3290 1110 946 3208 1253
71 9508 5074 7667 5999 8492 2907 5038 6894 8808 7126 8621 4898 2705 3636 7478 1223 80 2324 7809 619 4622 1129 9482 524 5592 1195 8709 4401 6414 2498 8757 6134 136 3510 849 4994 1214 3752 2346 2472 3226 1263 1069 2525 199 3610 987 4343 3084 3005 1603 5050 5564 2020 7319 1647 8982 278 9689 651 222 6921 947 9687 7904 9758 263 478 8855 140 2660 7802 8544 6046 6727 3459 4624 201 141 3652 1267 6149 17 8853 6201 269 3454 6419 1778 8706 1328 1970 5243 5467 7102 1005 7364 5252 403 3475 5866 6505 4904 467 4177 3353 4241 2908
72 6139 624 2214 8874 2000 8165 3199 7851 9807 3643 6380 1866 1202 4262 3055 5616 3571 6510 9099 7899 2900 1279 2251 4892 1704 7915 9849 6741 3334 9988 9900 2352 2215 5708 6528 6444 1568 8140 5056 9462 6753 5294 5736 1009 342 5001 2919 548 5960 1984 6293 5034 8735 1531 1194 1734 3785 7529 425 1695 2601 75 6795 4890 6547 3480 9032 398 1357 9799 9266 3862 8239 763 5835 8835 4200 2578 1026 8114 9005 8559 8498 4783 9535 7913 8343 6136 3082 7973 9281 3352 3177 2791 4822 9172 7357 8856 7831 3100
73 4275 6535 7957 8085 5113 4537 6672 5283 1424 2753 8237 6829 5630 5737 2997 11 8201 446 450 1140 7615 4941 9014 8667 4642 7299 4244 6132 7564 1407 2547 676 666 1102 8868 5097 4658 2761 5378 3589 3683 8824 9785 6641 491 9002 9011 869 2652 8314 3580 166 8134 2902 7534 2445 3892 2550 5007 7860 2922 5504 2249 9618 3261 3342 6370 1831 3707 6318 1484 2504 5659 8689 6192 9332 1161 9290 9839 8514 3877 5051 6223 6403 5779 9094 8788 2801 780 934 2558 3713 4075 8154 4744 4637 9126 7196 6660 6649 8954 8566 2150 5827 8489
74 2758 1815 1368 3432 6436 1168 7202 229 3615 348 6142 2227 6631 6862 6658 7574 4458 6350 2967 7678 4121 8959 5278 6331 7567 9300 7006 3929 7326 7323 7275 3957 394 8072 4234 4590 4080 1215 4514 2780 1862 2765 9646 7670 2468 423 8633 1634 5265 8213 6968 1673 1790 3661 3839 2269 5599 4289 4557 1889 6129 4073 1945 7854 3521 5689 6740 24 2456 8804 204 4396 984 94 480 6182 3485 3181 4019 7137 9069 1120 5785 7757 9551 6516 6335 632 5704 9301 645 9050 9230 6511 7029
75 664 9652 1575 7876 8464 5191 1737 4963 6406 4957 7768 464 2615 4326 5897 5806 4470 3233 7193 2945 7251 6438 3931 6396 402 1650 766 8816 8901 4608 1968 7278 9034 6737 3476 4471 8186 3637 9938 6158 9188 3774 111 261 9950 9488 6120 8704 1152 2998 443 2883 8949 3676 3618 6508 3260 2359 45 3508 8128 5428 4712 9817 903 3494 308 3576 6645 8986 5082 6213 9592 1373 3553 53 8525 9692 6800 2354 5605 5227 5931 6783 3274 7878 9394 189 2353 366 8442 5569 871 7805 9858
76 9542 5568 5495 1440 2925 5 7581 2694 6305 4004 5672 6295 8672 8247 2017 1428 5638 616 1753 989 6395 8427 8750 3787 6107 9517 2954 6292 2041 8236 3664 6577 367 3400 4283 9217 6175 7867 3502 6243 3802 9561 3108 4844 5231 9434 3268 4677 5224 1933 3902 5875 3561 2130 1620 4002 8019 861 7449 7524 6071 3597 7166 3167 3630 8327 9228 5664 1096 3857 6931 9932 786 8117 4671 9278 7617 2936 1445 1044 7073 4682 3174 7676 8217 9254 562 8299 6925 9239 3888 5032 5808 7968 6143 3487 8342
77 5417 3759 7874 620 3697 8307 8211 8260 1940 3355 1374 9966 7680 5088 493 4633 9593 3493 5775 5928 8230 7080 6780 7077 2521 4825 3825 6835 5090 3176 8636 5013 3054 8127 702 1062 4132 5259 3606 2387 4833 270 3982 7888 1598 4732 7460 732 4312 9129 4062 8675 6367 7273 8692 7200 3414 4078 697 771 6465 9339 9842 1460 3758 3248 9252 1723 6771 4094 1029 8166 8471 5795 6698 1920 1226 7611 8221 6529 2920 9477 7171 4117 4444 8822 4680 7510 2975 4103 5939 1104 5281 7526 2960 6774 3175 9639 1520 2260 720 2973 8819 7694
78 7270 1841 4109 1729 7354 7355 5233 1720 9801 7590 9658 2958 5882 1758 3265 193 2868 5815 8400 8397 7865 9678 3236 5312 7314 8523 9194 6642 8688 8558 4776 8228 6247 4047 6012 4717 5978 1954 5776 6429 2594 1619 7199 5424 1671 1190 5887 2580 7393 6748 6595 3557 8214 2506 3057 4949 5262 7743 8142 7665 5358 4403 1376 9716 5720 7491 363 502 1649 2608 8862 2334 4621 3657 327 1995 8753 5561 7742 6341 3855 2618 9085 2238 3296 3286 7737 9409 4982 6287 6359 6678 5484 260 76 2304 1751 2327 4205 899 2991
79 1447 5948 6315 1996 4484 9359 8649 8248 5352 63 3183 8401 7087 1913 957 4778 4966 3237 4191 5142 9633 9351 1326 2527 1732 1741 9579 5820 8182 2543 3940 655 7498 5033 9701 8634 495 339 684 1066 3360 5889 7162 9642 9251 9445 5138 7375 3277 6210 5126 3773 8418 5834 8326 3764 8716 8610 6513 7369 4796 93 1706 4206 1938 2442 7735 9933 1844 3457 7404 3512 180 7327 79 806 6322 686 2939 1466 3010 9574 2637 5962 5916 2447 895 1838 1901 5994 6226 128 9431 8764 2494 850
80 6059 2374 2581 5004 4146 2879 5207 7049 9589 561 2386 3033 7184 7961 3329 379 9234 9809 9025 7337 7362 7725 7635 7924 2091 8106 5279 4167 1306 463 8300 9446 1570 1916 276 8304 6546 8628 35 5861 701 4820 5544 505 8756 4367 9293 8096 6573 4996 2533 177 7906 5439 7400 4474 2230 4559 8851 5164 7180 1084 3288 1446 9292 1430 3659 4126 644 1076 2890 2229 4538 3330 1884 2748 847 9554 1997 5287 2032 5683 831 3115 3989 9621 9345 6629 435 49 5510 1313 6176 9990 5523 7541 5146 2102 1237 3861 9213 5842 6823 4170 7979 7546
81 9139 7652 5286 7643 2570 8826 256 791 8908 1006 6904 58 6564 8970 8513 9818 3671 2692 7988 3727 6988 3409 9136 510 8605 6656 4877 5947 2403 6 8206 7471 3225 8202 1257 846 1395 2869 1789 4481 3850 2972 8669 2056 8821 112 2183 1532 4493 8718 6057 7999 5261 577 8081 6310 8421 4709 5919 9795 570 7602 755 9919 7031 9020 202 8322 8532 7242 3518 4915 5237 9001 7258 8082 5172 8325 9257 5867 3136 6775 5700 7525 2188 5060 2366 5739 5906 4795 8366 7445 6714 7328
82 61 5372 1085 4 5907 3188 7130 3613 6270 807 788 1299 3043 2345 5226 6301 725 114 8646 2007 6589 9983 1442 3829 9889 6506 259 5010 1595 484 8084 8569 8328 145 4318 6454 2651 2861 8989 9347 9503 2626 6428 2942 5129 9143 7389 5823 803 8999 6106 9478 4797 1488 1835 4748 6974 7662 3818 9927 1969 5998 7563 6944 9432 9679 7097 809 7321 1211 8043 4277 161 7731 8854 1692 3169 146 4999 1563 4101 7568 1278 6042 2099 8842 8846 8372 4629 7890 2371 1848 6754 5493
83 2428 6488 3863 9049 8939 8533 6353 2535 7793 27 937 2914 4745 5407 2717 1660 182 8451 950 197 6781 2235 9131 6594 8579 5688 7675 4449 5256 4817 9835 138 6161 2829 2887 678 2962 6779 2565 1234 4694 7398 9811 5048 4045 1271 5094 4443 1308 6306 255 1225 9709 1384 1529 1060 853 3222 3653 9510 9526 400 8099 1715 9951 2052 130 92 2124 4762 9578 7239 8586 1684 8886 2840 9519 5759 439 1982 4936 3346 4086 4986 3943 1133 2383 3635 7284 8138 2976 1467 2539 8071 5789 2282 5925 2277
84 5445 8399 3445 2695 4120 7456 6363 8254 2100 4506 4157 1799 2248 6611 7528 4087 5620 6239 7504 2222 9360 5098 6945 7057 7858 5232 9715 5379 881 6949 6561 5814 9044 6025 2568 8703 6534 4729 2239 3815 9330 530 1175 6920 2721 7374 4140 2833 2195 1372 5802 5864 1089 22 550 2854 2739 9223 6725 6853 3118 8124 1666 641 6619 3893 5264 8259 8133 1646 1093 3948 9726 2700 6523 1178 866 5818 7047 5449 8923 7816 3650 2380 1070 7141 4410 5182 1039 2212 1167 694 3393 915 341 6193 1496
85 3396 4351 3625 194 6337 1264 9377 5229 1777 5331 8820 6467 8118 3572 2085 569 466 6622 9026 7833 5027 8645 2051 8964 3641 8469 317 3803 1122 9825 9891 5575 113 3776 3473 5547 8398 7621 2236 4873 1784 531 4724 4282 543 9157 3238 5608 9324 6834 5787 9707 6483 6838 2672 7992 7223 7387 1610 5506 4547 4969 3889 3842 3416 753 2569 7051 1546 9337 3732 8061 5054 3826 7658 6400 1377 4139 7963 5604 2413 896 1555 6644 1726 8036 4597 7378 277 7338 1836 4466 5865 7895 9731 3332 3491 7056 3846 2977 6938 6070 9433
86 1556 2190 5371 3925 6993 4756 8255 6390 4193 430 9386 1402 7415 9128 1633 7708 7976 4239 8125 4266 2075 3221 3568 610 2044 9892 5482 8234 7318 175 8458 9346 7341 3503 3024 4056 7348 1019 8467 8194 1750 2882 848 9144 1752 151 2775 5908 2847 8893 2326 3398 2103 1772 4415 5486 9024 734 1512 8663 2171 486 6211 1840 744 2002 36 4716 6558 3466 4076 5979 2786 4863 8377 9944 7898 4434 4496 8360 9790 909 715 2328 3313 4477 9694 2120 1861 5152 973 1131 3256 7912 1773 9379 5550 9866 2990 5911
87 6197 4207 6977 1594 6177 8095 3985 4771 6304 4552 738 8958 8055 4752 3418 7366 7688 6408 7407 1742 8394 4861 6450 66 2509 5663 3001 5319 5956 4715 8864 5934 3383 3220 6004 1724 7067 3506 7095 81 5162 4095 7547 8858 6768 7508 3101 1179 952 8177 9335 372 279 5918 2824 6620 8264 2088 4248 938 6804 9480 9874 9737 8355 8167 1607 6841 3628 4924 2552 30 8174 4435 2268 4243 3644 1192 8463 913 3542 5465 4705 2687 5886 2595 2873 5518 8176 7501 1793 2379 2689 4185 945 32 1287 4750 6582 7969 3209 8622 3782 8512 5014
88 5951 3770 1389 9316 9808 9098 5526 3050 877 8743 923 3845 1485 3047 5068 7091 5777 9459 5993 6839 5472 7684 5884 3160 4430 9993 9350 4219 6957 2118 7293 8047 7271 8227 1500 7439 1101 9635 9493 3932 9897 9400 5788 6386 2876 7344 7370 2489 3616 4600 489 7844 2762 9534 7382 3474 8666 5438 7061 9674 3908 6918 8647 7473 8354 7156 7148 815 6807 251 521 1936 4374 5855 3431 1930 1297 7064 6191 9907 8747 5797 4545 3079 7292 8024 3646 449 7934 6172 3064 1251 2825
89 6696 5431 2381 4989 344 2614 4666 2835 8891 7945 3748 6898 5025 7396 5601 7627 9568 3824 3530 3420 492 5204 948 4427 1807 142 8865 3816 1630 5740 9984 179 7745 6365 9271 6499 2711 7862 7558 1524 3468 6805 8392 411 4859 5357 6362 8994 9468 1900 7135 3737 3587 1621 4595 8516 6307 5450 4261 3959 2966 9261 3067 8059 3252 1688 1874 4829 6474 9770 870 3904 2058 783 4050 8020 1041 9465 8012 5114 8173 2837 665 4303 8984 152 6453 1045 660 3350 4959 507 5478 2127 1736 1618 20 7753 4008 129 1148 1762 1948 4265 5488 8373
90 9391 2281 523 558 5615 2760 9882 4017 7955 7875 982 9784 2702 1987 6067 5773 6729 3227 7799 2650 3844 6316 2712 7994 8101 2039 7412 4503 4865 3801 7786 7984 1533 889 8356 7989 2395 4781 8208 4575 121 2834 5959 2859 2362 2625 4543 7730 1625 8297 2572 6311 5856 9336 8147 2138 7724 4006 4370 2292 2069 6212 3191 5701 7117 3154 4802 2169 7849 3738 1071 9860 5104 5768 4845 7128 1164 2522 9870 9092 3710 1355 5169 4233 5461 8329 7413 1358 3796 6870 4451 7699 4692 5803 8301 268 8969 5466 7083 4527 9329 7966 4399
91 5201 4181 2062 6966 5373 1 4942 8817 6879 843 4052 5899 1162 4195 6094 3505 5938 397 6336 2851 4498 8867 2341 9012 1196 5405 9575 5716 2021 2592 6976 9490 4342 7043 51 3377 7253 6520 9495 7457 2860 961 6689 6326 3675 7131 7825 9764 7668 1047 4360 4426 4315 1716 9616 8449 4154 4489 4327 5228 2663 9198 9302 107 1181 7042 8938 6354 3390 1240 9599 1283 2845 2315 3320 7363 733 1008 6707 9501 1897 4026 4874 6237 3870 6108 3138 8454 6606 2493 1435 2369 7078 2674 7978 3784 8113 6792 7812
92 2675 4218 9522 3819 5650 3918 4828 3422 8296 6820 5531 5677 3294 8848 2621 9390 9150 4063 5963 6848 3271 2788 3141 7484 7039 3345 5817 8928 7125 3768 7800 978 9954 6676 6462 214 7964 4526 7245 7333 2252 417 5165 1651 5871 8335 1073 9585 828 5680 1232 8831 4679 3950 4346 462 7218 1032 9906 4431 1184 8102 4585 2006 5991 1107 3765 3740 5076 9004 6702 7785 7778 9426 8918 2143 501 4885 1128 6257 3371 1064 1653 149 0 21 8930 1160 7806 4114 4703 2165 7949
93 5347 929 103 9596 9833 9539 7191 9759 7055 6066 9531 471 4160 4044 3551 4794 6092 3807 4909 1628 9237 7187 4751 7882 7227 7807 6131 8241 812 2388 4753 4336 539 9262 1315 1843 217 1137 9255 953 5052 3704 1812 9127 3162 965 941 6817 3312 4702 2111 7521 5674 7640 9280 8686 8086 8742 5635 6291 8519 9738 2076 6552 1571 13 6420 7606 1925 243 9416 5900 7205 6385 4706 1746 4791 9042 9007 8950 9800 7212 7044 361 8693 4727 8092 5003 7220 9886 447 8935 7178 1250 9472 1470
94 1530 834 6983 2666 2129 6041 3310 117 2529 7726 2819 4127 6665 473 2708 6168 290 3287 8025 1971 1180 5389 7696 3379 5442 3720 528 8424 7626 5135 4418 1300 5487 5166 4494 3088 6338 9476 3419 3603 3983 8479 7850 3771 8050 5656 7570 808 6749 8739 1294 8444 9722 1908 9982 2398 1490 3027 8481 6798 5267 4669 8880 9156 1606 1383 6507 4635 9469 6464 4914 23 4141 6254 6634 3743 8996 5521 9569 3241 4335 2555 6790 8536 1659 9819 2928 9760 1643 9388 1674 196 7161 7416 9747
95 4950 2585 3156 6415 368 4378 4971 3035 1667 8832 8644 6027 8790 4433 1125 4571 2799 7821 4974 3717 4958 3864 6174 8744 2811 3621 6570 2064 9267 3275 9374 5863 186 5706 9253 4725 3040 7179 9894 6459 6608 242 9013 9066 7937 2517 2923 7468 3781 1885 7450 3447 7922 2305 8309 1054 6387 1744 5655 9862 1058 832 95 349 5109 2985 6248 8781 9902 6268 3196 1991 9550 132 5339 5588 5324 4946 9786 6572 4067 8184 3319 1879 8995 7236 2613 4613 7230 5045 7392 1766 8794 5516 8557 4237
96 8249 3725 2497 3942 3204 5822 172 5218 8362 1944 6345 5660 6637 2414 8032 4759 8814 37 4222 9723 6141 1585 6991 1803 5858 1739 1578 1932 8330 6760 6196 3772 8419 1860 6303 9165 5500 4976 5029 7232 2798 8143 9454 532 9684 6230 2301 6097 441 7729 5238 4598 7217 3684 9161 6559 1248 2193 6726 4182 9341 5274 6722 1910 3746 7082 4533 3340 5693 4302 9654 60 6626 6366 1474 8904 2098 2340 3011 2008 6164 3546 5412 494 2223 4138 475 337 7527 6766 3886 8321 963 5892 4190
97 758 5751 8292 7996 9203 5679 1707 2486 8460 7308 7195 5316 8348 9315 5111 7522 4465 4445 386 4838 7788 4878 967 2034 4284 7632 613 5470 4082 609 1243 1479 3279 3403 9872 8944 1229 4807 6183 6759 3135 6756 7487 8212 4407 9941 3324 2107 9553 3282 3906 5221 1319 5786 5315 1136 4442 6222 3389 4647 9711 2728 9712 3680 8927 1317 4520 1924 169 5304 6916 8318 1871 4414 3125 2766 9405 9915 5628 9898 6601 7139 8005 9614 5370 6616 1893 7175 2703 868 9132 7 4902 9767 5394 19 8054 4746 5901 5929 8219 8623 5641
98 4740 3591 2135 6776 6806 5064 7783 3711 5395 3032 8280 6935 6630 6700 920 6411 9483 8696 1337 6794 796 5852 6956 761 3306 7909 5022 1154 8884 7586 3145 8313 4798 5353 1260 6447 1677 9460 9447 8505 9047 8034 2261 7982 6194 1478 9628 7349 1998 3941 7559 2905 7325 9735 8275 7380 698 3449 6155 7839 4638 2796 9673 286 4531 8797 3147 7136 4384 1422 7656 6680 2792 5771 5208 8715 3103 1113 7764 765 1331 9236 7306 9774 5158 3538 9921 9867 304 8587 2885 4763 1309 6055 4850 3756 4501
99 6706 1277 29 3404 8914 6205 4040 2385 4991 6961 2850 7316 9798 3645 9566 1345 2042 2194 2112 9940 2716 4473 6560 5792 8548 2662 5246 3361 3805 2271 1934 643 1907 1580 7648 1273 120 1228 4440 9883 5322 9273 3523 4952 536 8484 4058 3073 2105 3583 2576 5975 5924 1637 5935 7010 6687 198 1961 2863 6941 2808 7942 4568 4947 682 6699 7296 4197 8344 1115 3311 5108 8105 4102 8420 5847 3254 893 3822 300 2393 7543 1037 413 7517 3860 2844 4858 6480 3928 7003 1290 5585 7433 8541 393 9199 3600
