100
0 97 91 25 949 2498 6045 8461 2334 1776 24 452 14 7266 425 2594 322 92 177 2482 250 110 1462 3977 1009 3160 7854 82 23 3022 26 242 1725 1384
1 278 25 1 0 9903 464 58 1403 22 430 178 37 5519 2 323 5361 4 46 364 41 831 5515 1572 5 700 7269 123 3198 14 13 3274 67 7818 65 7 1089 199
2 13 12 5 3 1966 7995 27 2610 0 11 10 722 344 29 102 88 47 250 1 6 345 92 26 96 2 835 97 9134 23 104 8 127 65 82 4063 155 5276 3244 1502
3 75 134 18 499 2517 76 168 165 59 273 2942 222 718 590 101 20 447 1456 105 906 217 635 170 147 1407 8466 549 1888
4 2706 3689 519 5 129 511 36 2098 3056 503 7687 941 1582 27 50 8401 9493 91 144 173 147 131 116 200 2052 45 397 6171 244 118 742 1482
5 0 439 48 452 262 5 11 3016 9 284 1 202 7574 1846 109 28 4790 582 12 37 1740 8 526 2 3 7497 3881 105 21 468
6 25 18 256 2951 669 85 4 337 169 6044 20 498 1806 1058 406 40 5566 56 225 490 24 864 716 719 58 284 2575 1826 331 7347 197 684 120 2153
7 38 74 0 4848 11 303 1 6031 119 848 807 4 170 5 118 168 584 30 230 458 5429 4752 933 31 1315 21 41 1590 5222 7 380 6 66 15 133 843 485
8 23 984 6890 2960 24 240 212 1039 3266 295 406 1137 308 8620 1845 1581 53 64 88 103 333 21 70 16 9 1562 118 574 513 2758 4152 950 5865 9262 6649 487 404 1290
9 4253 16 5 0 9 1 33 293 10 13 7 5226 6643 48 1313 3 316 425 123 7192 1756 174 26 962 2406 6 5442 54 3972 2 21 676 6729 138
10 203 1363 4 33 2 26 1390 836 24 12 17 4430 0 6 346 533 2950 11 2628 9053 529 23 559 9086 4526 5638 1 142 1041 4372 628 13 2848
11 2 0 24 18 7884 236 50 1 492 5 72 3000 653 349 17 3 7155 3224 34 111 203 11 7 6 112 245 125 90 8601 6408 93 1621 9 120 948 859
12 61 845 0 288 2 117 29 1 3 6042 11 1378 45 6571 519 78 28 300 2177 154 1250 383 9 2757 116 7399 57 2961 90 2128 10 5762 796 3955 16 1476 554 3110 1502
13 1677 107 46 1967 24 106 885 602 1105 422 25 6943 1686 113 44 152 1126 20 2494 5532 425 577 2737 33 2664 276 69 241 2579 3262 176 1610 3700 3880 1452 138 7242
14 17 1190 71 143 46 0 15 35 231 9 4 34 65 1216 137 233 168 115 355 1861 6979 47 1 3 11 25 1324 2619 8168 201 1807 5038 4133 36 710 316 909 356
15 22 52 3 0 2065 5 54 7 138 1161 103 405 3476 233 3679 8 284 2114 19 2 14 87 1489 39 4 1 206 20 1345 9021 60 186 45 43 2521 280 329
16 3500 6450 1100 87 1026 246 170 73 2156 5792 8875 196 134 4362 2048 2983 1021 332 9471 2967 9 1754 1959 6662 130 1748 1985 76 41 7367 63 6 6097 8938 176
17 2 8 454 0 7 94 14 186 5893 759 20 1 3 4278 5 189 4335 38 1710 346 435 42 493 3900 76 19 249 10 68 23 187 665 21 2955
18 0 18 1687 286 2 3626 95 4 157 10 17 4781 178 56 1 33 1052 118 169 546 465 8703 939 21 7 7593 242 3813 35 14 356 355
19 5 2911 75 131 28 2453 188 1132 2193 571 114 940 9768 168 2233 73 243 2341 19 7463 253 419 153 15 338 231 3797 170 980 358 32 468 509 11 3119 8 517 126 708
20 26 148 62 19 1 247 5154 210 39 1039 1290 15 214 11 137 250 0 280 23 3 7606 516 27 2979 107 935 2 655 88 8 218 20 406 44 9798 712 82 6 561 9519 5526 900
21 6 0 109 412 2546 18 8 23 9 4 13 168 10 342 2025 77 9677 12 1 2 85 1148 74 5 409 1304 156 2160 1293 474 1128 249 6379 15 625 2848 1482
22 73 96 0 2 49 23 859 4 1024 6599 40 69 442 37 3 6035 1563 7 11 24 462 389 244 205 47 14 1 173 89 157 22 822 6731 19 2045 138 1310 5926 1290 1737
23 35 3843 225 13 2187 1429 64 1728 22 161 16 426 1264 6 1438 28 209 61 1566 19 139 455 3324 216 1016 2295 2479 27 129 902 2202 633 247 5834 1152 1412 1384
24 4 1 31 330 186 9 40 2 62 6697 3301 65 91 20 0 167 3699 21 1217 323 3 5 181 602 6 769 75 25 641 1011 725 6238 252 2060 138
25 463 433 1048 807 26 83 4060 1532 4722 2587 226 36 1490 21 90 14 57 24 9 48 51 8 22 1859 757 3 270 127 227 2191 952 7 27
26 28 1436 9798 2844 222 406 63 3 0 12 1027 6249 328 4 1 587 2 5027 289 469 8 13 9 27 1127 258 3730 1816 2333 597 278 4807 561 1951 138 554
27 0 431 12 3 6 5 414 4584 121 45 1 33 286 2805 71 9 343 17 10 160 57 35 59 626 52 5812 411 2 34 2148 107 2889 6018 1954
28 272 1150 44 29 55 301 105 51 225 205 3617 830 588 148 1865 383 402 121 37 1694 17 815 309 83 81 67 38 645 161 7 8 1663 217 408 554 900 9517 155 5921
29 448 226 9357 153 6438 156 360 437 17 182 1078 112 936 9 158 34 224 329 175 723 14 1461 36 424 8 760 780 127 190 396 4895 121 3158 176 138 2153
30 4 2 234 435 625 517 3502 13 64 1210 1401 58 40 418 1332 659 184 16 992 97 1017 46 103 275 8871 31 9295 2196 36 93 165 2522 148 1979 146 145 121 5526
31 5 3618 1506 47 50 1530 354 7070 1320 0 238 29 7 24 4 6 3 12 172 2426 39 5021 5359 918 9 132 27 4683 53 9162 126 138
32 281 0 31 1414 4 6 1 175 10 2882 113 5 3 7170 180 81 861 32 89 6382 12 1368 15 18 2 3458 34 9 709 176 3849
33 582 0 66 39 14 2 151 1257 2624 446 118 6 990 4129 7437 289 523 2219 2862 75 20 31 8 82 203 17 18 57 34 25 46 16 158 3600 176 2848 3097
34 0 55 89 4104 1 5850 1378 264 550 3 24 1866 10 2986 101 4685 148 99 70 65 519 4 2 42 134 8076 77 4474 3768 35 6604 9
35 7970 259 10 25 2239 483 1074 1909 5221 6012 344 7 4164 137 55 471 44 529 52 836 316 186 5 89 1150 763 96 49 15 128 27 899
36 676 35 4 17 49 105 206 1005 9562 1481 1141 1922 379 336 158 1102 1168 3317 723 77 10 41 556 280 1340 1919 96 1990 989 157 805 659 120 2591
37 3140 10 322 19 1372 412 0 6755 395 62 2 6 15 18 51 514 866 16 817 594 54 106 1233 363 1 69 4659 57 6130 3 587 7 331 371 968 1737 3097
38 768 257 2696 6166 1073 1329 320 6037 1844 110 98 186 2078 5675 5144 73 65 231 82 498 3676 255 42 903 54 34 3144 293 1325 5419 229 907 1734 1958
39 1854 10 1 1251 322 94 3 68 46 2 701 209 186 189 34 1743 172 56 99 1927 2503 86 0 2383 13 6 9 219 166 632 4768 138 1671 5921
40 412 20 68 210 796 125 32 97 566 4 216 13 160 33 231 34 908 1729 1514 2475 22 5731 539 510 159 1571 6015 3790 1017 1787 4408 1958 155 1263
41 5038 1 12 2 20 71 0 64 1516 52 5737 4 99 156 1148 35 50 11 722 3 1706 6538 136 2344 14 7 1456 86 9 554 2076 176
42 0 3 42 131 73 7 1 1108 432 27 36 19 94 2 8 46 5412 2400 15 8931 164 25 9338 800 422 315 4 26 478 44 6 1460 21 1552 809 1954 708
43 3528 1866 95 753 172 589 9794 916 6410 12 1667 2424 216 755 3166 1353 2195 67 2473 86 20 1775 46 2809 87 685 418 1756 309 199 5554
44 6 26 6992 791 8056 63 4 163 71 170 4947 90 2568 1073 649 120 1545 891 5681 30 88 5524 38 14 1561 13 1518 2291 269 27 37 178 150 4977 1263 708
45 1 225 4211 229 42 17 278 31 8 47 384 6 7 0 27 2 5 5999 193 239 3 509 12 462 107 44 183 11 131 8843 1601 59 1954 155 2818 708
46 9 83 0 1502 15 118 9902 4704 1340 412 70 8 2 4 142 1 3 1704 7 788 1805 50 8160 733 90 26 24 486 5 66 4964 58 1382 22 884 429 69 968 5482
47 12 67 129 140 1119 101 266 194 4 115 245 775 8150 0 5990 3 2266 1235 130 193 5 2 7685 17 23 1072 109 1001 981 138 55 28 1134 236 37 583 2264 1495 867
48 33 3684 9 5728 4 2863 0 366 55 25 218 28 2 1 3 27 115 6 3692 124 96 74 4821 79 37 7 5479 109 5 1371 296 11 103 382 138
49 8973 272 3 419 2 297 23 1959 88 19 0 28 118 123 646 42 29 6137 14 108 9957 64 1 35 51 7718 235 63 4 3236 24 8 11 1752 476 4613 138 3684
50 73 4 126 142 1574 1141 1084 5 2477 60 407 301 343 327 560 3246 1446 473 162 19 817 2469 151 49 37 313 12 2433 65 137 46 464 1710 14 114 70 2076 155
51 0 1 9234 28 33 4 2 8783 9 213 6 23 4705 597 788 4606 288 966 78 14 13 22 2410 63 200 7 508 21 45 1728 17 159 24 725 334 1989 2420 27 2818 9365
52 2625 7979 309 56 28 61 7278 207 248 30 25 133 1588 2312 603 72 224 676 2088 724 2293 1886 339 105 381 1379 14 2702 4226 212 467 145 371 5851
53 2 6 11 0 510 26 21 230 7433 114 23 19 2282 22 12 3038 4 1 334 20 100 1434 62 45 17 18 171 5 13 121 216 161 25 369 4478 2135 70 225 184 948 404 138
54 119 6440 1 88 826 521 597 678 26 14 6907 108 263 7 6 95 761 124 431 2 24 131 736 29 6572 8989 117 1121 166 1327 13 3379 2697 595 404 2076
55 5 2 6 460 25 0 14 132 1137 1373 117 3 163 53 1184 1107 11 115 16 108 1 19 3425 8345 8 10 543 12 18 15 377 57 789 2478 3244 120 859 1502
56 32 0 16 1 23 391 11 3 108 2 19 112 4 2431 18 2282 1913 2051 179 8114 50 44 799 6348 3796 34 7 8702 6188 1697 3131 35 3338 22 8 1591 62 609 3756 2264
57 7 11 0 1 6169 456 53 2883 82 21 25 111 2458 778 6 4152 2 268 3 1107 16 117 4859 38 5724 619 10 2683 83 1696 1595 180 8 69 708 797 3975
58 179 128 235 1614 7274 2184 77 9175 9073 2746 1363 48 124 1741 11 144 730 3973 55 1902 280 18 21 88 437 7 9886
59 127 82 189 2980 37 762 605 58 10 70 585 933 4184 41 1066 579 83 2692 80 12 305 477 48 226 204 124 8146 419 5173 5459 494 103 55 5333 1334
60 130 1213 2380 8743 7 132 19 1723 21 26 11 5442 28 65 753 5269 1361 27 257 280 401 83 4837 2014 67 75 49 73 216 391 59 217 25 69 1513 121 797
61 978 9566 7981 266 7 395 295 116 2062 287 1167 358 348 49 2739 265 576 5797 372 53 378 43 349 7431 72 45 238 4241 2958 3032 671 1263
62 356 10 332 5014 164 11 662 112 14 117 64 5 495 72 107 2 77 1841 7 56 1 16 32 2091 1610 3 0 43 770 202 31 214 23 1051 17 9 135 919 4089 583 7624 138 1310
63 45 2363 0 2 24 147 148 22 2178 4 12 33 3 280 1283 5410 115 188 1206 59 42 1183 7820 5127 2690 57 14 5190 5 16 34
64 0 2 34 352 56 4 282 987 32 299 2145 3 29 10 79 310 565 229 3940 86 373 1 81 6 356 52 5055 89 49 28 1283 63 6165 1737
65 6 123 15 1245 83 63 428 323 4 2195 183 98 246 6243 891 76 2235 52 156 982 436 4182 53 88 57 3140 229 262 24 43 277 69 9559 2818
66 5973 2 51 4872 0 14 5915 1282 133 5 4180 7325 4673 300 3 12 103 97 4019 70 58 662 236 9 42 774 1 13 252 669 158 36 795 53 11 7 126 3477 6656
67 63 119 25 32 8 3 46 0 39 3711 19 2 2132 240 29 2769 6259 21 472 18 7 1863 14 95 1 47 38 28 309 15 49 779 601 1225 78 9 1290
68 9 8733 68 244 433 11 0 81 4 4138 5350 2 3 21 207 33 161 6661 1130 10 57 279 13 253 26 12 16 1593 651 15 2657 671 197 69 7 28 914 554
69 113 3249 936 3499 3059 566 699 216 2662 1061 738 119 99 1197 257 8004 1628 3710 231 59 689 2551 142 153 47 977
70 132 2033 76 501 9896 204 1224 180 5 609 3624 54 15 1059 984 412 517 3784 90 887 255 9556 38 1365 89 4139 2524 39 3017 228 1237 13 8839 8 3609 5801 4820 7 1482 2780
71 3 1 2684 0 651 663 12 67 13 8088 2 41 1389 350 5020 5 112 84 4370 22 2665 15 4 391 37 3003 1099 143 29 11 2212 164 55 5275 443 197 4148 442 2591 1671
72 724 2052 8512 15 452 7 3759 33 1126 4973 187 9 243 14 2218 8629 251 136 3 2262 508 91 5845 2604 22 5 253 208 212 5850 2 822 84 1428 7961 81 1300 8 708
73 23 0 16 137 9547 2 41 1 111 3 65 2878 34 6 110 54 1311 9 11 21 180 6359 50 252 74 7702 33 4 29 7 224 637 19 57 268 197 178 1495 27 751 686 4390 2060
74 2385 0 22 258 264 42 50 612 25 15 5034 11 209 27 142 12 168 3 8365 53 32 21 344 6642 4938 33 1 5492 10 102 19 621 4247
75 762 6 4 141 0 1593 1 1499 11 10 5 33 73 1883 427 1119 3 388 62 1279 2 358 87 109 8 9 1373 5672 118 454 402 7 332 1482 1671
76 0 43 2 39 10 3 3228 16 27 455 5 22 103 128 245 2715 11 3279 48 17 47 1 8 3596 35 188 556 20 2938 225 155 869 2060 3992
77 1071 78 6745 2378 3603 658 183 62 254 9355 1087 203 9710 5872 533 25 180 95 289 302 715 512 1228 1577 102 528 249 142 2398 1992 3591 402 251 118 331 426 155
78 4 50 1156 26 39 4025 33 0 9 1042 2 6514 3 5 6001 11 8 310 1 18 7 365 55 1948 23 35 753 233 6 17 2190 53 1959 1502
79 17 8180 58 167 276 57 50 47 3548 245 3561 54 398 756 3941 13 18 3520 2932 281 24 151 10 6767 2177 1576 7231 538 44 81 1296 1446 75 679 6402 4371
80 41 609 2 99 36 0 2012 112 299 1 5 7 11 4680 46 10 25 6 51 71 4908 9628 17 380 3 29 15 319 1232 703 1159 8 138 869 1572
81 8 2 19 56 0 3430 3252 5 103 4 93 129 1361 38 37 119 200 5170 15 28 131 3 652 12 94 1 1079 41 44 169 7 715 92 138 155 1263
82 14 8 1 0 21 1759 2 16 9711 6 1606 7 12 3 1937 4 337 32 59 37 5472 94 641 502 839 271 24 1424 60 61 1671 1236 355 120 126 155 138 3097
83 89 6 1857 0 2 4046 1 279 21 349 150 25 68 1843 13 6607 593 1483 54 3 1623 157 56 42 155 66 71 6158 375 1956 92 859 3244 3975
84 40 4 15 42 12 0 386 26 9375 9 256 39 9890 16 111 5052 8 1 4824 2 74 86 2812 390 47 363 3433 145 14 1012 20 542 147 1089 176 5091 9305 138 9584
85 95 938 187 656 99 219 2652 88 5641 951 101 2973 19 232 122 362 52 20 134 9442 31 297 6234 25 6787 2842 687 36 7557 720 40 55 1071 503 371 176 138
86 0 500 2051 33 2221 98 238 5 21 2 4 3 1757 8488 7 227 7387 23 12 10 77 539 218 16 351 1896 5294 5197 3790 22 97 41 1122 7055 1310
87 505 186 104 11 4227 7 49 338 25 419 4040 224 3053 6614 169 8949 101 251 476 544 6779 4048 6052 130 2838 28 124 513 9 138 355 3110
88 47 0 3 2 26 1583 21 45 4 117 5 100 6025 3915 1 12 672 7777 1503 4051 42 17 36 6137 29 19 24 68 714 8 1591 5778 4329 184 869
89 1996 4 5270 105 39 10 13 3644 447 151 665 11 9061 2987 1121 9041 1318 96 455 79 1 1340 6082 72 726 6 8886 1806 2832 624 199 583 3774
90 6 1 3223 5 15 28 3 1071 0 7 21 56 6160 10 4479 8 2209 660 1808 3100 76 135 1828 655 141 229 3249 425 409 3814 2 158 9 11 155 2158 238 5063 1110 1554 4023 4171 138 8450
91 4 71 17 1 25 9 0 253 3208 22 145 2 2424 338 100 16 47 44 177 42 48 1804 1927 3794 46 34 8 378 1119 193 3244 869
92 585 40 1054 0 68 2 4630 8 2360 5 25 20 14 4 121 3 475 1 41 7 21 141 50 399 73 30 8444 364 71 24 8948 715 19 1334 3097
93 59 1435 3488 580 5361 67 99 6783 41 3532 179 5005 1396 30 105 1532 66 33 134 16 739 1388 3282 428 299 1421 353 1052
94 68 2631 4 49 84 1790 25 807 218 1991 77 9652 956 2720 150 75 725 5477 294 2850 3053 8087 2639 8 1953 680 5819 4103 209 396 22 69 356 2402
95 602 2250 36 106 178 4386 934 2496 17 6912 886 13 262 84 107 466 32 662 20 71 98 1049 3712 170 9 152 6636 7635 62 160 255 2286 389 120 554 7585
96 45 10 742 3761 131 2327 29 5625 143 450 91 1903 318 605 32 196 1361 2746 44 185 358 1950 793 1001 177 17 259 630 1530 455 19 309 859
97 670 31 4 34 0 9 14 99 519 1478 3 658 413 212 1258 13 6 61 2 1992 1002 960 1 278 358 1938 411 5 168 249 4301 6102 4142 5381
98 205 1487 46 106 1 42 40 0 179 43 410 5 23 9 157 26 1658 175 2 8 13 5748 6400 556 56 5645 6201 1636 17 52 27 236 3097 3849
99 7 1966 8 116 0 50 51 175 2498 1 5299 27 15 270 9 14 19 389 75 301 498 25 1209 16 2 37 3 1017 216 1989 4604 933 1401 6705 117 6689 168 303 5 155 708
